0 1780.898 label 0
1 2024.898 label 1
2 2269.898 label 2
3 2514.898 label 3
4 2759.898 label 4
5 3004.898 label 5
6 3249.898 label 6
7 3494.898 label 7
8 3739.898 label 8
9 3984.898 label 9
10 4229.898 label 10
11 4474.898 label 11
12 4719.898 label 12
13 4964.898 label 13
14 5209.898 label 14
15 5454.898 label 15
16 5699.898 label 0
17 5944.898 label 1
18 6189.898 label 2
19 6434.898 label 3
20 6679.898 label 4
21 6924.898 label 5
22 7169.898 label 6
23 7414.898 label 7
24 7659.898 label 8
25 7904.898 label 9
26 8149.898 label 10
27 8394.898 label 11
28 8639.898 label 12
29 8884.898 label 13
30 9129.898 label 14
31 9374.898 label 15
32 9619.898 label 0
33 9864.898 label 1
34 10109.898 label 2
35 10354.898 label 3
36 10599.898 label 4
37 10844.898 label 5
38 11089.898 label 6
39 11334.898 label 7
40 11579.898 label 8
41 11824.898 label 9
42 12069.898 label 10
43 12314.898 label 11
44 12559.898 label 12
45 12804.898 label 13
46 13049.898 label 14
47 13294.898 label 15
48 13539.898 label 0
49 13784.898 label 1
50 14029.898 label 2
51 14274.898 label 3
52 14519.898 label 4
53 14764.898 label 5
54 15009.898 label 6
55 15254.898 label 7
56 15499.898 label 8
57 15744.898 label 9
58 15989.898 label 10
59 16234.898 label 11
60 16479.898 label 12
61 16724.898 label 13
62 16969.898 label 14
63 17214.898 label 15
64 17459.898 label 0
65 17704.898 label 1
66 17949.898 label 2
67 18194.898 label 3
68 18439.898 label 4
69 18684.898 label 5
70 18929.898 label 6
71 19174.898 label 7
72 19419.898 label 8
73 19664.898 label 9
74 19909.898 label 10
75 20154.898 label 11
76 20399.898 label 12
77 20644.898 label 13
78 20889.898 label 14
79 21134.898 label 15
80 21379.898 label 0
81 21624.898 label 1
82 21869.898 label 2
83 22114.898 label 3
84 22359.898 label 4
85 22604.898 label 5
86 22849.898 label 6
87 23094.898 label 7
88 23339.898 label 8
89 23584.898 label 9
90 23829.898 label 10
91 24074.898 label 11
92 24319.898 label 12
93 24564.898 label 13
94 24809.898 label 14
95 25054.898 label 15
96 25299.898 label 0
97 25544.898 label 1
98 25789.898 label 2
99 26034.898 label 3
100 26279.898 label 4
101 26524.898 label 5
102 26769.898 label 6
103 27014.898 label 7
104 27259.898 label 8
105 27504.898 label 9
106 27749.898 label 10
107 27994.898 label 11
108 28239.898 label 12
109 28484.898 label 13
110 28729.898 label 14
111 28974.898 label 15
112 29219.898 label 0
113 29464.898 label 1
114 29709.898 label 2
115 29954.898 label 3
116 30199.898 label 4
117 30444.898 label 5
118 30689.898 label 6
119 30934.898 label 7
120 31179.898 label 8
121 31424.898 label 9
122 31669.898 label 10
123 31914.898 label 11
124 32159.898 label 12
125 32404.898 label 13
126 32649.898 label 14
127 32894.898 label 15
128 33139.898 label 0
129 33384.898 label 1
130 33629.898 label 2
131 33874.898 label 3
132 34119.898 label 4
133 34364.898 label 5
134 34609.898 label 6
135 34854.898 label 7
136 35099.898 label 8
137 35344.898 label 9
138 35589.898 label 10
139 35834.898 label 11
140 36079.898 label 12
141 36324.898 label 13
142 36569.898 label 14
143 36814.898 label 15
144 37059.898 label 0
145 37304.898 label 1
146 37549.898 label 2
147 37794.898 label 3
148 38039.898 label 4
149 38284.898 label 5
150 38529.898 label 6
151 38774.898 label 7
152 39019.898 label 8
153 39264.898 label 9
154 39509.898 label 10
155 39754.898 label 11
156 39999.898 label 12
157 40244.898 label 13
158 40489.898 label 14
159 40734.898 label 15
160 40979.898 label 0
161 41224.898 label 1
162 41469.898 label 2
163 41714.898 label 3
164 41959.898 label 4
165 42204.898 label 5
166 42449.898 label 6
167 42694.898 label 7
168 42939.898 label 8
169 43184.898 label 9
170 43429.898 label 10
171 43674.898 label 11
172 43919.898 label 12
173 44164.898 label 13
174 44409.898 label 14
175 44654.898 label 15
176 44899.898 label 0
177 45144.898 label 1
178 45389.898 label 2
179 45634.898 label 3
180 45879.898 label 4
181 46124.898 label 5
182 46369.898 label 6
183 46614.898 label 7
184 46859.898 label 8
185 47104.898 label 9
186 47349.898 label 10
187 47594.898 label 11
188 47839.898 label 12
189 48084.898 label 13
190 48329.898 label 14
191 48574.898 label 15
192 48819.898 label 0
193 49064.898 label 1
194 49309.898 label 2
195 49554.898 label 3
196 49799.898 label 4
197 50044.898 label 5
198 50289.898 label 6
199 50534.898 label 7
200 50779.898 label 8
201 51024.898 label 9
202 51269.898 label 10
203 51514.898 label 11
204 51759.898 label 12
205 52004.898 label 13
206 52249.898 label 14
207 52494.898 label 15
208 52739.898 label 0
209 52984.898 label 1
210 53229.898 label 2
211 53474.898 label 3
212 53719.898 label 4
213 53964.898 label 5
214 54209.898 label 6
215 54454.898 label 7
216 54699.898 label 8
217 54944.898 label 9
218 55189.898 label 10
219 55434.898 label 11
220 55679.898 label 12
221 55924.898 label 13
222 56169.898 label 14
223 56414.898 label 15
224 56659.898 label 0
225 56904.898 label 1
226 57149.898 label 2
227 57394.898 label 3
228 57639.898 label 4
229 57884.898 label 5
230 58129.898 label 6
231 58374.898 label 7
232 58619.898 label 8
233 58864.898 label 9
234 59109.898 label 10
235 59354.898 label 11
236 59599.898 label 12
237 59844.898 label 13
238 60089.898 label 14
239 60334.898 label 15
240 60579.898 label 0
241 60824.898 label 1
242 61069.898 label 2
243 61314.898 label 3
244 61559.898 label 4
245 61804.898 label 5
246 62049.898 label 6
247 62294.898 label 7
248 62539.898 label 8
249 62784.898 label 9
250 63029.898 label 10
251 63274.898 label 11
252 63519.898 label 12
253 63764.898 label 13
254 64009.898 label 14
255 64254.898 label 15
256 64499.898 label 0
257 64744.898 label 1
258 64989.898 label 2
259 65234.898 label 3
260 65479.898 label 4
261 65724.898 label 5
262 65969.898 label 6
263 66214.898 label 7
264 66459.898 label 8
265 66704.898 label 9
266 66949.898 label 10
267 67194.898 label 11
268 67439.898 label 12
269 67684.898 label 13
270 67929.898 label 14
271 68174.898 label 15
272 68419.898 label 0
273 68664.898 label 1
274 68909.898 label 2
275 69154.898 label 3
276 69399.898 label 4
277 69644.898 label 5
278 69889.898 label 6
279 70134.898 label 7
280 70379.898 label 8
281 70624.898 label 9
282 70869.898 label 10
283 71114.898 label 11
284 71359.898 label 12
285 71604.898 label 13
286 71849.898 label 14
287 72094.898 label 15
288 72339.898 label 0
289 72584.898 label 1
290 72829.898 label 2
291 73074.898 label 3
292 73319.898 label 4
293 73564.898 label 5
294 73809.898 label 6
295 74054.898 label 7
296 74299.898 label 8
297 74544.898 label 9
298 74789.898 label 10
299 75034.898 label 11
300 75279.898 label 12
301 75524.898 label 13
302 75769.898 label 14
303 76014.898 label 15
304 76259.898 label 0
305 76504.898 label 1
306 76749.898 label 2
307 76994.898 label 3
308 77239.898 label 4
309 77484.898 label 5
310 77729.898 label 6
311 77974.898 label 7
312 78219.898 label 8
313 78464.898 label 9
314 78709.898 label 10
315 78954.898 label 11
316 79199.898 label 12
317 79444.898 label 13
318 79689.898 label 14
319 79934.898 label 15
320 80179.898 label 0
321 80424.898 label 1
322 80669.898 label 2
323 80914.898 label 3
324 81159.898 label 4
325 81404.898 label 5
326 81649.898 label 6
327 81894.898 label 7
328 82139.898 label 8
329 82384.898 label 9
330 82629.898 label 10
331 82874.898 label 11
332 83119.898 label 12
333 83364.898 label 13
334 83609.898 label 14
335 83854.898 label 15
336 84099.898 label 0
337 84344.898 label 1
338 84589.898 label 2
339 84834.898 label 3
340 85079.898 label 4
341 85324.898 label 5
342 85569.898 label 6
343 85814.898 label 7
344 86059.898 label 8
345 86304.898 label 9
346 86549.898 label 10
347 86794.898 label 11
348 87039.898 label 12
349 87284.898 label 13
350 87529.898 label 14
351 87774.898 label 15
352 88019.898 label 0
353 88264.898 label 1
354 88509.898 label 2
355 88754.898 label 3
356 88999.898 label 4
357 89244.898 label 5
358 89489.898 label 6
359 89734.898 label 7
360 89979.898 label 8
361 90224.898 label 9
362 90469.898 label 10
363 90714.898 label 11
364 90959.898 label 12
365 91204.898 label 13
366 91449.898 label 14
367 91694.898 label 15
368 91939.898 label 0
369 92184.898 label 1
370 92429.898 label 2
371 92674.898 label 3
372 92919.898 label 4
373 93164.898 label 5
374 93409.898 label 6
375 93654.898 label 7
376 93899.898 label 8
377 94144.898 label 9
378 94389.898 label 10
379 94634.898 label 11
380 94879.898 label 12
381 95124.898 label 13
382 95369.898 label 14
383 95614.898 label 15
384 95859.898 label 0
385 96104.898 label 1
386 96349.898 label 2
387 96594.898 label 3
388 96839.898 label 4
389 97084.898 label 5
390 97329.898 label 6
391 97574.898 label 7
392 97819.898 label 8
393 98064.898 label 9
394 98309.898 label 10
395 98554.898 label 11
396 98799.898 label 12
397 99044.898 label 13
398 99289.898 label 14
399 99534.898 label 15
400 99779.898 label 0
401 100024.898 label 1
402 100269.898 label 2
403 100514.898 label 3
404 100759.898 label 4
405 101004.898 label 5
406 101249.898 label 6
407 101494.898 label 7
408 101739.898 label 8
409 101984.898 label 9
410 102229.898 label 10
411 102474.898 label 11
412 102719.898 label 12
413 102964.898 label 13
414 103209.898 label 14
415 103454.898 label 15
416 103699.898 label 0
417 103944.898 label 1
418 104189.898 label 2
419 104434.898 label 3
420 104679.898 label 4
421 104924.898 label 5
422 105169.898 label 6
423 105414.898 label 7
424 105659.898 label 8
425 105904.898 label 9
426 106149.898 label 10
427 106394.898 label 11
428 106639.898 label 12
429 106884.898 label 13
430 107129.898 label 14
431 107374.898 label 15
432 107619.898 label 0
433 107864.898 label 1
434 108109.898 label 2
435 108354.898 label 3
436 108599.898 label 4
437 108844.898 label 5
438 109089.898 label 6
439 109334.898 label 7
440 109579.898 label 8
441 109824.898 label 9
442 110069.898 label 10
443 110314.898 label 11
444 110559.898 label 12
445 110804.898 label 13
446 111049.898 label 14
447 111294.898 label 15
448 111539.898 label 0
449 111784.898 label 1
450 112029.898 label 2
451 112274.898 label 3
452 112519.898 label 4
453 112764.898 label 5
454 113009.898 label 6
455 113254.898 label 7
456 113499.898 label 8
457 113744.898 label 9
458 113989.898 label 10
459 114234.898 label 11
460 114479.898 label 12
461 114724.898 label 13
462 114969.898 label 14
463 115214.898 label 15
464 115459.898 label 0
465 115704.898 label 1
466 115949.898 label 2
467 116194.898 label 3
468 116439.898 label 4
469 116684.898 label 5
470 116929.898 label 6
471 117174.898 label 7
472 117419.898 label 8
473 117664.898 label 9
474 117909.898 label 10
475 118154.898 label 11
476 118399.898 label 12
477 118644.898 label 13
478 118889.898 label 14
479 119134.898 label 15
480 119379.898 label 0
481 119624.898 label 1
482 119869.898 label 2
483 120114.898 label 3
484 120359.898 label 4
485 120604.898 label 5
486 120849.898 label 6
487 121094.898 label 7
488 121339.898 label 8
489 121584.898 label 9
490 121829.898 label 10
491 122074.898 label 11
492 122319.898 label 12
493 122564.898 label 13
494 122809.898 label 14
495 123054.898 label 15
496 123299.898 label 0
497 123544.898 label 1
498 123789.898 label 2
499 124034.898 label 3
500 124279.898 label 4
501 124524.898 label 5
502 124769.898 label 6
503 125014.898 label 7
504 125259.898 label 8
505 125504.898 label 9
506 125749.898 label 10
507 125994.898 label 11
508 126239.898 label 12
509 126484.898 label 13
510 126729.898 label 14
511 126974.898 label 15
512 127219.898 label 0
513 127464.898 label 1
514 127709.898 label 2
515 127954.898 label 3
516 128199.898 label 4
517 128444.898 label 5
518 128689.898 label 6
519 128934.898 label 7
520 129179.898 label 8
521 129424.898 label 9
522 129669.898 label 10
523 129914.898 label 11
524 130159.898 label 12
525 130404.898 label 13
526 130649.898 label 14
527 130894.898 label 15
528 131139.898 label 0
529 131384.898 label 1
530 131629.898 label 2
531 131874.898 label 3
532 132119.898 label 4
533 132364.898 label 5
534 132609.898 label 6
535 132854.898 label 7
536 133099.898 label 8
537 133344.898 label 9
538 133589.898 label 10
539 133834.898 label 11
540 134079.898 label 12
541 134324.898 label 13
542 134569.898 label 14
543 134814.898 label 15
544 135059.898 label 0
545 135304.898 label 1
546 135549.898 label 2
547 135794.898 label 3
548 136039.898 label 4
549 136284.898 label 5
550 136529.898 label 6
551 136774.898 label 7
552 137019.898 label 8
553 137264.898 label 9
554 137509.898 label 10
555 137754.898 label 11
556 137999.898 label 12
557 138244.898 label 13
558 138489.898 label 14
559 138734.898 label 15
560 138979.898 label 0
561 139224.898 label 1
562 139469.898 label 2
563 139714.898 label 3
564 139959.898 label 4
565 140204.898 label 5
566 140449.898 label 6
567 140694.898 label 7
568 140939.898 label 8
569 141184.898 label 9
570 141429.898 label 10
571 141674.898 label 11
572 141919.898 label 12
573 142164.898 label 13
574 142409.898 label 14
575 142654.898 label 15
576 142899.898 label 0
577 143144.898 label 1
578 143389.898 label 2
579 143634.898 label 3
580 143879.898 label 4
581 144124.898 label 5
582 144369.898 label 6
583 144614.898 label 7
584 144859.898 label 8
585 145104.898 label 9
586 145349.898 label 10
587 145594.898 label 11
588 145839.898 label 12
589 146084.898 label 13
590 146329.898 label 14
591 146574.898 label 15
592 146819.898 label 0
593 147064.898 label 1
594 147309.898 label 2
595 147554.898 label 3
596 147799.898 label 4
597 148044.898 label 5
598 148289.898 label 6
599 148534.898 label 7
600 148779.898 label 8
601 149024.898 label 9
602 149269.898 label 10
603 149514.898 label 11
604 149759.898 label 12
605 150004.898 label 13
606 150249.898 label 14
607 150494.898 label 15
608 150739.898 label 0
609 150984.898 label 1
610 151229.898 label 2
611 151474.898 label 3
612 151719.898 label 4
613 151964.898 label 5
614 152209.898 label 6
615 152454.898 label 7
616 152699.898 label 8
617 152944.898 label 9
618 153189.898 label 10
619 153434.898 label 11
620 153679.898 label 12
621 153924.898 label 13
622 154169.898 label 14
623 154414.898 label 15
624 154659.898 label 0
625 154904.898 label 1
626 155149.898 label 2
627 155394.898 label 3
628 155639.898 label 4
629 155884.898 label 5
630 156129.898 label 6
631 156374.898 label 7
632 156619.898 label 8
633 156864.898 label 9
634 157109.898 label 10
635 157354.898 label 11
636 157599.898 label 12
637 157844.898 label 13
638 158089.898 label 14
639 158334.898 label 15
640 158579.898 label 0
641 158824.898 label 1
642 159069.898 label 2
643 159314.898 label 3
644 159559.898 label 4
645 159804.898 label 5
646 160049.898 label 6
647 160294.898 label 7
648 160539.898 label 8
649 160784.898 label 9
650 161029.898 label 10
651 161274.898 label 11
652 161519.898 label 12
653 161764.898 label 13
654 162009.898 label 14
655 162254.898 label 15
656 162499.898 label 0
657 162744.898 label 1
658 162989.898 label 2
659 163234.898 label 3
660 163479.898 label 4
661 163724.898 label 5
662 163969.898 label 6
663 164214.898 label 7
664 164459.898 label 8
665 164704.898 label 9
666 164949.898 label 10
667 165194.898 label 11
668 165439.898 label 12
669 165684.898 label 13
670 165929.898 label 14
671 166174.898 label 15
672 166419.898 label 0
673 166664.898 label 1
674 166909.898 label 2
675 167154.898 label 3
676 167399.898 label 4
677 167644.898 label 5
678 167889.898 label 6
679 168134.898 label 7
680 168379.898 label 8
681 168624.898 label 9
682 168869.898 label 10
683 169114.898 label 11
684 169359.898 label 12
685 169604.898 label 13
686 169849.898 label 14
687 170094.898 label 15
688 170339.898 label 0
689 170584.898 label 1
690 170829.898 label 2
691 171074.898 label 3
692 171319.898 label 4
693 171564.898 label 5
694 171809.898 label 6
695 172054.898 label 7
696 172299.898 label 8
697 172544.898 label 9
698 172789.898 label 10
699 173034.898 label 11
700 173279.898 label 12
701 173524.898 label 13
702 173769.898 label 14
703 174014.898 label 15
704 174259.898 label 0
705 174504.898 label 1
706 174749.898 label 2
707 174994.898 label 3
708 175239.898 label 4
709 175484.898 label 5
710 175729.898 label 6
711 175974.898 label 7
712 176219.898 label 8
713 176464.898 label 9
714 176709.898 label 10
715 176954.898 label 11
716 177199.898 label 12
717 177444.898 label 13
718 177689.898 label 14
719 177934.898 label 15
720 178179.898 label 0
721 178424.898 label 1
722 178669.898 label 2
723 178914.898 label 3
724 179159.898 label 4
725 179404.898 label 5
726 179649.898 label 6
727 179894.898 label 7
728 180139.898 label 8
729 180384.898 label 9
730 180629.898 label 10
731 180874.898 label 11
732 181119.898 label 12
733 181364.898 label 13
734 181609.898 label 14
735 181854.898 label 15
736 182099.898 label 0
737 182344.898 label 1
738 182589.898 label 2
739 182834.898 label 3
740 183079.898 label 4
741 183324.898 label 5
742 183569.898 label 6
743 183814.898 label 7
744 184059.898 label 8
745 184304.898 label 9
746 184549.898 label 10
747 184794.898 label 11
748 185039.898 label 12
749 185284.898 label 13
750 185529.898 label 14
751 185774.898 label 15
752 186019.898 label 0
753 186264.898 label 1
754 186509.898 label 2
755 186754.898 label 3
756 186999.898 label 4
757 187244.898 label 5
758 187489.898 label 6
759 187734.898 label 7
760 187979.898 label 8
761 188224.898 label 9
762 188469.898 label 10
763 188714.898 label 11
764 188959.898 label 12
765 189204.898 label 13
766 189449.898 label 14
767 189694.898 label 15
768 189939.898 label 0
769 190184.898 label 1
770 190429.898 label 2
771 190674.898 label 3
772 190919.898 label 4
773 191164.898 label 5
774 191409.898 label 6
775 191654.898 label 7
776 191899.898 label 8
777 192144.898 label 9
778 192389.898 label 10
779 192634.898 label 11
780 192879.898 label 12
781 193124.898 label 13
782 193369.898 label 14
783 193614.898 label 15
784 193859.898 label 0
785 194104.898 label 1
786 194349.898 label 2
787 194594.898 label 3
788 194839.898 label 4
789 195084.898 label 5
790 195329.898 label 6
791 195574.898 label 7
792 195819.898 label 8
793 196064.898 label 9
794 196309.898 label 10
795 196554.898 label 11
796 196799.898 label 12
797 197044.898 label 13
798 197289.898 label 14
799 197534.898 label 15
800 197779.898 label 0
801 198024.898 label 1
802 198269.898 label 2
803 198514.898 label 3
804 198759.898 label 4
805 199004.898 label 5
806 199249.898 label 6
807 199494.898 label 7
808 199739.898 label 8
809 199984.898 label 9
810 200229.898 label 10
811 200474.898 label 11
812 200719.898 label 12
813 200964.898 label 13
814 201209.898 label 14
815 201454.898 label 15
816 201699.898 label 0
817 201944.898 label 1
818 202189.898 label 2
819 202434.898 label 3
820 202679.898 label 4
821 202924.898 label 5
822 203169.898 label 6
823 203414.898 label 7
824 203659.898 label 8
825 203904.898 label 9
826 204149.898 label 10
827 204394.898 label 11
828 204639.898 label 12
829 204884.898 label 13
830 205129.898 label 14
831 205374.898 label 15
832 205619.898 label 0
833 205864.898 label 1
834 206109.898 label 2
835 206354.898 label 3
836 206599.898 label 4
837 206844.898 label 5
838 207089.898 label 6
839 207334.898 label 7
840 207579.898 label 8
841 207824.898 label 9
842 208069.898 label 10
843 208314.898 label 11
844 208559.898 label 12
845 208804.898 label 13
846 209049.898 label 14
847 209294.898 label 15
848 209539.898 label 0
849 209784.898 label 1
850 210029.898 label 2
851 210274.898 label 3
852 210519.898 label 4
853 210764.898 label 5
854 211009.898 label 6
855 211254.898 label 7
856 211499.898 label 8
857 211744.898 label 9
858 211989.898 label 10
859 212234.898 label 11
860 212479.898 label 12
861 212724.898 label 13
862 212969.898 label 14
863 213214.898 label 15
864 213459.898 label 0
865 213704.898 label 1
866 213949.898 label 2
867 214194.898 label 3
868 214439.898 label 4
869 214684.898 label 5
870 214929.898 label 6
871 215174.898 label 7
872 215419.898 label 8
873 215664.898 label 9
874 215909.898 label 10
875 216154.898 label 11
876 216399.898 label 12
877 216644.898 label 13
878 216889.898 label 14
879 217134.898 label 15
880 217379.898 label 0
881 217624.898 label 1
882 217869.898 label 2
883 218114.898 label 3
884 218359.898 label 4
885 218604.898 label 5
886 218849.898 label 6
887 219094.898 label 7
888 219339.898 label 8
889 219584.898 label 9
890 219829.898 label 10
891 220074.898 label 11
892 220319.898 label 12
893 220564.898 label 13
894 220809.898 label 14
895 221054.898 label 15
896 221299.898 label 0
897 221544.898 label 1
898 221789.898 label 2
899 222034.898 label 3
900 222279.898 label 4
901 222524.898 label 5
902 222769.898 label 6
903 223014.898 label 7
904 223259.898 label 8
905 223504.898 label 9
906 223749.898 label 10
907 223994.898 label 11
908 224239.898 label 12
909 224484.898 label 13
910 224729.898 label 14
911 224974.898 label 15
912 225219.898 label 0
913 225464.898 label 1
914 225709.898 label 2
915 225954.898 label 3
916 226199.898 label 4
917 226444.898 label 5
918 226689.898 label 6
919 226934.898 label 7
920 227179.898 label 8
921 227424.898 label 9
922 227669.898 label 10
923 227914.898 label 11
924 228159.898 label 12
925 228404.898 label 13
926 228649.898 label 14
927 228894.898 label 15
928 229139.898 label 0
929 229384.898 label 1
930 229629.898 label 2
931 229874.898 label 3
932 230119.898 label 4
933 230364.898 label 5
934 230609.898 label 6
935 230854.898 label 7
936 231099.898 label 8
937 231344.898 label 9
938 231589.898 label 10
939 231834.898 label 11
940 232079.898 label 12
941 232324.898 label 13
942 232569.898 label 14
943 232814.898 label 15
944 233059.898 label 0
945 233304.898 label 1
946 233549.898 label 2
947 233794.898 label 3
948 234039.898 label 4
949 234284.898 label 5
950 234529.898 label 6
951 234774.898 label 7
952 235019.898 label 8
953 235264.898 label 9
954 235509.898 label 10
955 235754.898 label 11
956 235999.898 label 12
957 236244.898 label 13
958 236489.898 label 14
959 236734.898 label 15
960 236979.898 label 0
961 237224.898 label 1
962 237469.898 label 2
963 237714.898 label 3
964 237959.898 label 4
965 238204.898 label 5
966 238449.898 label 6
967 238694.898 label 7
968 238939.898 label 8
969 239184.898 label 9
970 239429.898 label 10
971 239674.898 label 11
972 239919.898 label 12
973 240164.898 label 13
974 240409.898 label 14
975 240654.898 label 15
976 240899.898 label 0
977 241144.898 label 1
978 241389.898 label 2
979 241634.898 label 3
980 241879.898 label 4
981 242124.898 label 5
982 242369.898 label 6
983 242614.898 label 7
984 242859.898 label 8
985 243104.898 label 9
986 243349.898 label 10
987 243594.898 label 11
988 243839.898 label 12
989 244084.898 label 13
990 244329.898 label 14
991 244574.898 label 15
992 244819.898 label 0
993 245064.898 label 1
994 245309.898 label 2
995 245554.898 label 3
996 245799.898 label 4
997 246044.898 label 5
998 246289.898 label 6
999 246534.898 label 7
1000 246779.898 label 8
1001 247024.898 label 9
1002 247269.898 label 10
1003 247514.898 label 11
1004 247759.898 label 12
1005 248004.898 label 13
1006 248249.898 label 14
1007 248494.898 label 15
1008 248739.898 label 0
1009 248984.898 label 1
1010 249229.898 label 2
1011 249474.898 label 3
1012 249719.898 label 4
1013 249964.898 label 5
1014 250209.898 label 6
1015 250454.898 label 7
1016 250699.898 label 8
1017 250944.898 label 9
1018 251189.898 label 10
1019 251434.898 label 11
1020 251679.898 label 12
1021 251924.898 label 13
1022 252169.898 label 14
1023 252414.898 label 15
1024 252659.898 label 0
1025 252904.898 label 1
1026 253149.898 label 2
1027 253394.898 label 3
1028 253639.898 label 4
1029 253884.898 label 5
1030 254129.898 label 6
1031 254374.898 label 7
1032 254619.898 label 8
1033 254864.898 label 9
1034 255109.898 label 10
1035 255354.898 label 11
1036 255599.898 label 12
1037 255844.898 label 13
1038 256089.898 label 14
1039 256334.898 label 15
1040 256579.898 label 0
1041 256824.898 label 1
1042 257069.898 label 2
1043 257314.898 label 3
1044 257559.898 label 4
1045 257804.898 label 5
1046 258049.898 label 6
1047 258294.898 label 7
1048 258539.898 label 8
1049 258784.898 label 9
1050 259029.898 label 10
1051 259274.898 label 11
1052 259519.898 label 12
1053 259764.898 label 13
1054 260009.898 label 14
1055 260254.898 label 15
1056 260499.898 label 0
1057 260744.898 label 1
1058 260989.898 label 2
1059 261234.898 label 3
1060 261479.898 label 4
1061 261724.898 label 5
1062 261969.898 label 6
1063 262214.898 label 7
1064 262459.898 label 8
1065 262704.898 label 9
1066 262949.898 label 10
1067 263194.898 label 11
1068 263439.898 label 12
1069 263684.898 label 13
1070 263929.898 label 14
1071 264174.898 label 15
1072 264419.898 label 0
1073 264664.898 label 1
1074 264909.898 label 2
1075 265154.898 label 3
1076 265399.898 label 4
1077 265644.898 label 5
1078 265889.898 label 6
1079 266134.898 label 7
1080 266379.898 label 8
1081 266624.898 label 9
1082 266869.898 label 10
1083 267114.898 label 11
1084 267359.898 label 12
1085 267604.898 label 13
1086 267849.898 label 14
1087 268094.898 label 15
1088 268339.898 label 0
1089 268584.898 label 1
1090 268829.898 label 2
1091 269074.898 label 3
1092 269319.898 label 4
1093 269564.898 label 5
1094 269809.898 label 6
1095 270054.898 label 7
1096 270299.898 label 8
1097 270544.898 label 9
1098 270789.898 label 10
1099 271034.898 label 11
1100 271279.898 label 12
1101 271524.898 label 13
1102 271769.898 label 14
1103 272014.898 label 15
1104 272259.898 label 0
1105 272504.898 label 1
1106 272749.898 label 2
1107 272994.898 label 3
1108 273239.898 label 4
1109 273484.898 label 5
1110 273729.898 label 6
1111 273974.898 label 7
1112 274219.898 label 8
1113 274464.898 label 9
1114 274709.898 label 10
1115 274954.898 label 11
1116 275199.898 label 12
1117 275444.898 label 13
1118 275689.898 label 14
1119 275934.898 label 15
1120 276179.898 label 0
1121 276424.898 label 1
1122 276669.898 label 2
1123 276914.898 label 3
1124 277159.898 label 4
1125 277404.898 label 5
1126 277649.898 label 6
1127 277894.898 label 7
1128 278139.898 label 8
1129 278384.898 label 9
1130 278629.898 label 10
1131 278874.898 label 11
1132 279119.898 label 12
1133 279364.898 label 13
1134 279609.898 label 14
1135 279854.898 label 15
1136 280099.898 label 0
1137 280344.898 label 1
1138 280589.898 label 2
1139 280834.898 label 3
1140 281079.898 label 4
1141 281324.898 label 5
1142 281569.898 label 6
1143 281814.898 label 7
1144 282059.898 label 8
1145 282304.898 label 9
1146 282549.898 label 10
1147 282794.898 label 11
1148 283039.898 label 12
1149 283284.898 label 13
1150 283529.898 label 14
1151 283774.898 label 15
1152 284019.898 label 0
1153 284264.898 label 1
1154 284509.898 label 2
1155 284754.898 label 3
1156 284999.898 label 4
1157 285244.898 label 5
1158 285489.898 label 6
1159 285734.898 label 7
1160 285979.898 label 8
1161 286224.898 label 9
1162 286469.898 label 10
1163 286714.898 label 11
1164 286959.898 label 12
1165 287204.898 label 13
1166 287449.898 label 14
1167 287694.898 label 15
1168 287939.898 label 0
1169 288184.898 label 1
1170 288429.898 label 2
1171 288674.898 label 3
1172 288919.898 label 4
1173 289164.898 label 5
1174 289409.898 label 6
1175 289654.898 label 7
1176 289899.898 label 8
1177 290144.898 label 9
1178 290389.898 label 10
1179 290634.898 label 11
1180 290879.898 label 12
1181 291124.898 label 13
1182 291369.898 label 14
1183 291614.898 label 15
1184 291859.898 label 0
1185 292104.898 label 1
1186 292349.898 label 2
1187 292594.898 label 3
1188 292839.898 label 4
