0 2946.925 label 0
1 3228.925 label 1
2 3510.925 label 2
3 3792.925 label 3
4 4075.925 label 4
5 4358.925 label 5
6 4641.925 label 6
7 4924.925 label 7
8 5207.925 label 8
9 5490.925 label 9
10 5773.925 label 10
11 6056.925 label 11
12 6339.925 label 12
13 6622.925 label 13
14 6905.925 label 14
15 7188.925 label 15
16 7471.925 label 0
17 7754.925 label 1
18 8037.925 label 2
19 8320.925 label 3
20 8603.925 label 4
21 8886.925 label 5
22 9169.925 label 6
23 9452.925 label 7
24 9735.925 label 8
25 10018.925 label 9
26 10301.925 label 10
27 10584.925 label 11
28 10867.925 label 12
29 11150.925 label 13
30 11433.925 label 14
31 11716.925 label 15
32 11999.925 label 0
33 12282.925 label 1
34 12565.925 label 2
35 12848.925 label 3
36 13131.925 label 4
37 13414.925 label 5
38 13697.925 label 6
39 13980.925 label 7
40 14263.925 label 8
41 14546.925 label 9
42 14829.925 label 10
43 15112.925 label 11
44 15395.925 label 12
45 15678.925 label 13
46 15961.925 label 14
47 16244.925 label 15
48 16527.925 label 0
49 16810.925 label 1
50 17093.925 label 2
51 17376.925 label 3
52 17659.925 label 4
53 17942.925 label 5
54 18225.925 label 6
55 18508.925 label 7
56 18791.925 label 8
57 19074.925 label 9
58 19357.925 label 10
59 19640.925 label 11
60 19923.925 label 12
61 20206.925 label 13
62 20489.925 label 14
63 20772.925 label 15
64 21055.925 label 0
65 21338.925 label 1
66 21621.925 label 2
67 21904.925 label 3
68 22187.925 label 4
69 22470.925 label 5
70 22753.925 label 6
71 23036.925 label 7
72 23319.925 label 8
73 23602.925 label 9
74 23885.925 label 10
75 24168.925 label 11
76 24451.925 label 12
77 24734.925 label 13
78 25017.925 label 14
79 25300.925 label 15
80 25583.925 label 0
81 25866.925 label 1
82 26149.925 label 2
83 26432.925 label 3
84 26715.925 label 4
85 26998.925 label 5
86 27281.925 label 6
87 27564.925 label 7
88 27847.925 label 8
89 28130.925 label 9
90 28413.925 label 10
91 28696.925 label 11
92 28979.925 label 12
93 29262.925 label 13
94 29545.925 label 14
95 29828.925 label 15
96 30111.925 label 0
97 30394.925 label 1
98 30677.925 label 2
99 30960.925 label 3
100 31243.925 label 4
101 31526.925 label 5
102 31809.925 label 6
103 32092.925 label 7
104 32375.925 label 8
105 32658.925 label 9
106 32941.925 label 10
107 33224.925 label 11
108 33507.925 label 12
109 33790.925 label 13
110 34073.925 label 14
111 34356.925 label 15
112 34639.925 label 0
113 34922.925 label 1
114 35205.925 label 2
115 35488.925 label 3
116 35771.925 label 4
117 36054.925 label 5
118 36337.925 label 6
119 36620.925 label 7
120 36903.925 label 8
121 37186.925 label 9
122 37469.925 label 10
123 37752.925 label 11
124 38035.925 label 12
125 38318.925 label 13
126 38601.925 label 14
127 38884.925 label 15
128 39167.925 label 0
129 39450.925 label 1
130 39733.925 label 2
131 40016.925 label 3
132 40299.925 label 4
133 40582.925 label 5
134 40865.925 label 6
135 41148.925 label 7
136 41431.925 label 8
137 41714.925 label 9
138 41997.925 label 10
139 42280.925 label 11
140 42563.925 label 12
141 42846.925 label 13
142 43129.925 label 14
143 43412.925 label 15
144 43695.925 label 0
145 43978.925 label 1
146 44261.925 label 2
147 44544.925 label 3
148 44827.925 label 4
149 45110.925 label 5
150 45393.925 label 6
151 45676.925 label 7
152 45959.925 label 8
153 46242.925 label 9
154 46525.925 label 10
155 46808.925 label 11
156 47091.925 label 12
157 47374.925 label 13
158 47657.925 label 14
159 47940.925 label 15
160 48223.925 label 0
161 48506.925 label 1
162 48789.925 label 2
163 49072.925 label 3
164 49355.925 label 4
165 49638.925 label 5
166 49921.925 label 6
167 50204.925 label 7
168 50487.925 label 8
169 50770.925 label 9
170 51053.925 label 10
171 51336.925 label 11
172 51619.925 label 12
173 51902.925 label 13
174 52185.925 label 14
175 52468.925 label 15
176 52751.925 label 0
177 53034.925 label 1
178 53317.925 label 2
179 53600.925 label 3
180 53883.925 label 4
181 54166.925 label 5
182 54449.925 label 6
183 54732.925 label 7
184 55015.925 label 8
185 55298.925 label 9
186 55581.925 label 10
187 55864.925 label 11
188 56147.925 label 12
189 56430.925 label 13
190 56713.925 label 14
191 56996.925 label 15
192 57279.925 label 0
193 57562.925 label 1
194 57845.925 label 2
195 58128.925 label 3
196 58411.925 label 4
197 58694.925 label 5
198 58977.925 label 6
199 59260.925 label 7
200 59543.925 label 8
201 59826.925 label 9
202 60109.925 label 10
203 60392.925 label 11
204 60675.925 label 12
205 60958.925 label 13
206 61241.925 label 14
207 61524.925 label 15
208 61807.925 label 0
209 62090.925 label 1
210 62373.925 label 2
211 62656.925 label 3
212 62939.925 label 4
213 63222.925 label 5
214 63505.925 label 6
215 63788.925 label 7
216 64071.925 label 8
217 64354.925 label 9
218 64637.925 label 10
219 64920.925 label 11
220 65203.925 label 12
221 65486.925 label 13
222 65769.925 label 14
223 66052.925 label 15
224 66335.925 label 0
225 66618.925 label 1
226 66901.925 label 2
227 67184.925 label 3
228 67467.925 label 4
229 67750.925 label 5
230 68033.925 label 6
231 68316.925 label 7
232 68599.925 label 8
233 68882.925 label 9
234 69165.925 label 10
235 69448.925 label 11
236 69731.925 label 12
237 70014.925 label 13
238 70297.925 label 14
239 70580.925 label 15
240 70863.925 label 0
241 71146.925 label 1
242 71429.925 label 2
243 71712.925 label 3
244 71995.925 label 4
245 72278.925 label 5
246 72561.925 label 6
247 72844.925 label 7
248 73127.925 label 8
249 73410.925 label 9
250 73693.925 label 10
251 73976.925 label 11
252 74259.925 label 12
253 74542.925 label 13
254 74825.925 label 14
255 75108.925 label 15
256 75391.925 label 0
257 75674.925 label 1
258 75957.925 label 2
259 76240.925 label 3
260 76523.925 label 4
261 76806.925 label 5
262 77089.925 label 6
263 77372.925 label 7
264 77655.925 label 8
265 77938.925 label 9
266 78221.925 label 10
267 78504.925 label 11
268 78787.925 label 12
269 79070.925 label 13
270 79353.925 label 14
271 79636.925 label 15
272 79919.925 label 0
273 80202.925 label 1
274 80485.925 label 2
275 80768.925 label 3
276 81051.925 label 4
277 81334.925 label 5
278 81617.925 label 6
279 81900.925 label 7
280 82183.925 label 8
281 82466.925 label 9
282 82749.925 label 10
283 83032.925 label 11
284 83315.925 label 12
285 83598.925 label 13
286 83881.925 label 14
287 84164.925 label 15
288 84447.925 label 0
289 84730.925 label 1
290 85013.925 label 2
291 85296.925 label 3
292 85579.925 label 4
293 85862.925 label 5
294 86145.925 label 6
295 86428.925 label 7
296 86711.925 label 8
297 86994.925 label 9
298 87277.925 label 10
299 87560.925 label 11
300 87843.925 label 12
301 88126.925 label 13
302 88409.925 label 14
303 88692.925 label 15
304 88975.925 label 0
305 89258.925 label 1
306 89541.925 label 2
307 89824.925 label 3
308 90107.925 label 4
309 90390.925 label 5
310 90673.925 label 6
311 90956.925 label 7
312 91239.925 label 8
313 91522.925 label 9
314 91805.925 label 10
315 92088.925 label 11
316 92371.925 label 12
317 92654.925 label 13
318 92937.925 label 14
319 93220.925 label 15
320 93503.925 label 0
321 93786.925 label 1
322 94069.925 label 2
323 94352.925 label 3
324 94635.925 label 4
325 94918.925 label 5
326 95201.925 label 6
327 95484.925 label 7
328 95767.925 label 8
329 96050.925 label 9
330 96333.925 label 10
331 96616.925 label 11
332 96899.925 label 12
333 97182.925 label 13
334 97465.925 label 14
335 97748.925 label 15
336 98031.925 label 0
337 98314.925 label 1
338 98597.925 label 2
339 98880.925 label 3
340 99163.925 label 4
341 99446.925 label 5
342 99729.925 label 6
343 100012.925 label 7
344 100295.925 label 8
345 100578.925 label 9
346 100861.925 label 10
347 101144.925 label 11
348 101427.925 label 12
349 101710.925 label 13
350 101993.925 label 14
351 102276.925 label 15
352 102559.925 label 0
353 102842.925 label 1
354 103125.925 label 2
355 103408.925 label 3
356 103691.925 label 4
357 103974.925 label 5
358 104257.925 label 6
359 104540.925 label 7
360 104823.925 label 8
361 105106.925 label 9
362 105389.925 label 10
363 105672.925 label 11
364 105955.925 label 12
365 106238.925 label 13
366 106521.925 label 14
367 106804.925 label 15
368 107087.925 label 0
369 107370.925 label 1
370 107653.925 label 2
371 107936.925 label 3
372 108219.925 label 4
373 108502.925 label 5
374 108785.925 label 6
375 109068.925 label 7
376 109351.925 label 8
377 109634.925 label 9
378 109917.925 label 10
379 110200.925 label 11
380 110483.925 label 12
381 110766.925 label 13
382 111049.925 label 14
383 111332.925 label 15
384 111615.925 label 0
385 111898.925 label 1
386 112181.925 label 2
387 112464.925 label 3
388 112747.925 label 4
389 113030.925 label 5
390 113313.925 label 6
391 113596.925 label 7
392 113879.925 label 8
393 114162.925 label 9
394 114445.925 label 10
395 114728.925 label 11
396 115011.925 label 12
397 115294.925 label 13
398 115577.925 label 14
399 115860.925 label 15
400 116143.925 label 0
401 116426.925 label 1
402 116709.925 label 2
403 116992.925 label 3
404 117275.925 label 4
405 117558.925 label 5
406 117841.925 label 6
407 118124.925 label 7
408 118407.925 label 8
409 118690.925 label 9
410 118973.925 label 10
411 119256.925 label 11
412 119539.925 label 12
413 119822.925 label 13
414 120105.925 label 14
415 120388.925 label 15
416 120671.925 label 0
417 120954.925 label 1
418 121237.925 label 2
419 121520.925 label 3
420 121803.925 label 4
421 122086.925 label 5
422 122369.925 label 6
423 122652.925 label 7
424 122935.925 label 8
425 123218.925 label 9
426 123501.925 label 10
427 123784.925 label 11
428 124067.925 label 12
429 124350.925 label 13
430 124633.925 label 14
431 124916.925 label 15
432 125199.925 label 0
433 125482.925 label 1
434 125765.925 label 2
435 126048.925 label 3
436 126331.925 label 4
437 126614.925 label 5
438 126897.925 label 6
439 127180.925 label 7
440 127463.925 label 8
441 127746.925 label 9
442 128029.925 label 10
443 128312.925 label 11
444 128595.925 label 12
445 128878.925 label 13
446 129161.925 label 14
447 129444.925 label 15
448 129727.925 label 0
449 130010.925 label 1
450 130293.925 label 2
451 130576.925 label 3
452 130859.925 label 4
453 131142.925 label 5
454 131425.925 label 6
455 131708.925 label 7
456 131991.925 label 8
457 132274.925 label 9
458 132557.925 label 10
459 132840.925 label 11
460 133123.925 label 12
461 133406.925 label 13
462 133689.925 label 14
463 133972.925 label 15
464 134255.925 label 0
465 134538.925 label 1
466 134821.925 label 2
467 135104.925 label 3
468 135387.925 label 4
469 135670.925 label 5
470 135953.925 label 6
471 136236.925 label 7
472 136519.925 label 8
473 136802.925 label 9
474 137085.925 label 10
475 137368.925 label 11
476 137651.925 label 12
477 137934.925 label 13
478 138217.925 label 14
479 138500.925 label 15
480 138783.925 label 0
481 139066.925 label 1
482 139349.925 label 2
483 139632.925 label 3
484 139915.925 label 4
485 140198.925 label 5
486 140481.925 label 6
487 140764.925 label 7
488 141047.925 label 8
489 141330.925 label 9
490 141613.925 label 10
491 141896.925 label 11
492 142179.925 label 12
493 142462.925 label 13
494 142745.925 label 14
495 143028.925 label 15
496 143311.925 label 0
497 143594.925 label 1
498 143877.925 label 2
499 144160.925 label 3
500 144443.925 label 4
501 144726.925 label 5
502 145009.925 label 6
503 145292.925 label 7
504 145575.925 label 8
505 145858.925 label 9
506 146141.925 label 10
507 146424.925 label 11
508 146707.925 label 12
509 146990.925 label 13
510 147273.925 label 14
511 147556.925 label 15
512 147839.925 label 0
513 148122.925 label 1
514 148405.925 label 2
515 148688.925 label 3
516 148971.925 label 4
517 149254.925 label 5
518 149537.925 label 6
519 149820.925 label 7
520 150103.925 label 8
521 150386.925 label 9
522 150669.925 label 10
523 150952.925 label 11
524 151235.925 label 12
525 151518.925 label 13
526 151801.925 label 14
527 152084.925 label 15
528 152367.925 label 0
529 152650.925 label 1
530 152933.925 label 2
531 153216.925 label 3
532 153499.925 label 4
533 153782.925 label 5
534 154065.925 label 6
535 154348.925 label 7
536 154631.925 label 8
537 154914.925 label 9
538 155197.925 label 10
539 155480.925 label 11
540 155763.925 label 12
541 156046.925 label 13
542 156329.925 label 14
543 156612.925 label 15
544 156895.925 label 0
545 157178.925 label 1
546 157461.925 label 2
547 157744.925 label 3
548 158027.925 label 4
549 158310.925 label 5
550 158593.925 label 6
551 158876.925 label 7
552 159159.925 label 8
553 159442.925 label 9
554 159725.925 label 10
555 160008.925 label 11
556 160291.925 label 12
557 160574.925 label 13
558 160857.925 label 14
559 161140.925 label 15
560 161423.925 label 0
561 161706.925 label 1
562 161989.925 label 2
563 162272.925 label 3
564 162555.925 label 4
565 162838.925 label 5
566 163121.925 label 6
567 163404.925 label 7
568 163687.925 label 8
569 163970.925 label 9
570 164253.925 label 10
571 164536.925 label 11
572 164819.925 label 12
573 165102.925 label 13
574 165385.925 label 14
575 165668.925 label 15
576 165951.925 label 0
577 166234.925 label 1
578 166517.925 label 2
579 166800.925 label 3
580 167083.925 label 4
581 167366.925 label 5
582 167649.925 label 6
583 167932.925 label 7
584 168215.925 label 8
585 168498.925 label 9
586 168781.925 label 10
587 169064.925 label 11
588 169347.925 label 12
589 169630.925 label 13
590 169913.925 label 14
591 170196.925 label 15
592 170479.925 label 0
593 170762.925 label 1
594 171045.925 label 2
595 171328.925 label 3
596 171611.925 label 4
597 171894.925 label 5
598 172177.925 label 6
599 172460.925 label 7
600 172743.925 label 8
601 173026.925 label 9
602 173309.925 label 10
603 173592.925 label 11
604 173875.925 label 12
605 174158.925 label 13
606 174441.925 label 14
607 174724.925 label 15
608 175007.925 label 0
609 175290.925 label 1
610 175573.925 label 2
611 175856.925 label 3
612 176139.925 label 4
613 176422.925 label 5
614 176705.925 label 6
615 176988.925 label 7
616 177271.925 label 8
617 177554.925 label 9
618 177837.925 label 10
619 178120.925 label 11
620 178403.925 label 12
621 178686.925 label 13
622 178969.925 label 14
623 179252.925 label 15
624 179535.925 label 0
625 179818.925 label 1
626 180101.925 label 2
627 180384.925 label 3
628 180667.925 label 4
629 180950.925 label 5
630 181233.925 label 6
631 181516.925 label 7
632 181799.925 label 8
633 182082.925 label 9
634 182365.925 label 10
635 182648.925 label 11
636 182931.925 label 12
637 183214.925 label 13
638 183497.925 label 14
639 183780.925 label 15
640 184063.925 label 0
641 184346.925 label 1
642 184629.925 label 2
643 184912.925 label 3
644 185195.925 label 4
645 185478.925 label 5
646 185761.925 label 6
647 186044.925 label 7
648 186327.925 label 8
649 186610.925 label 9
650 186893.925 label 10
651 187176.925 label 11
652 187459.925 label 12
653 187742.925 label 13
654 188025.925 label 14
655 188308.925 label 15
656 188591.925 label 0
657 188874.925 label 1
658 189157.925 label 2
659 189440.925 label 3
660 189723.925 label 4
661 190006.925 label 5
662 190289.925 label 6
663 190572.925 label 7
664 190855.925 label 8
665 191138.925 label 9
666 191421.925 label 10
667 191704.925 label 11
668 191987.925 label 12
669 192270.925 label 13
670 192553.925 label 14
671 192836.925 label 15
672 193119.925 label 0
673 193402.925 label 1
674 193685.925 label 2
675 193968.925 label 3
676 194251.925 label 4
677 194534.925 label 5
678 194817.925 label 6
679 195100.925 label 7
680 195383.925 label 8
681 195666.925 label 9
682 195949.925 label 10
683 196232.925 label 11
684 196515.925 label 12
685 196798.925 label 13
686 197081.925 label 14
687 197364.925 label 15
688 197647.925 label 0
689 197930.925 label 1
690 198213.925 label 2
691 198496.925 label 3
692 198779.925 label 4
693 199062.925 label 5
694 199345.925 label 6
695 199628.925 label 7
696 199911.925 label 8
697 200194.925 label 9
698 200477.925 label 10
699 200760.925 label 11
700 201043.925 label 12
701 201326.925 label 13
702 201609.925 label 14
703 201892.925 label 15
704 202175.925 label 0
705 202458.925 label 1
706 202741.925 label 2
707 203024.925 label 3
708 203307.925 label 4
709 203590.925 label 5
710 203873.925 label 6
711 204156.925 label 7
712 204439.925 label 8
713 204722.925 label 9
714 205005.925 label 10
715 205288.925 label 11
716 205571.925 label 12
717 205854.925 label 13
718 206137.925 label 14
719 206420.925 label 15
720 206703.925 label 0
721 206986.925 label 1
722 207269.925 label 2
723 207552.925 label 3
724 207835.925 label 4
725 208118.925 label 5
726 208401.925 label 6
727 208684.925 label 7
728 208967.925 label 8
729 209250.925 label 9
730 209533.925 label 10
731 209816.925 label 11
732 210099.925 label 12
733 210382.925 label 13
734 210665.925 label 14
735 210948.925 label 15
736 211231.925 label 0
737 211514.925 label 1
738 211797.925 label 2
739 212080.925 label 3
740 212363.925 label 4
741 212646.925 label 5
742 212929.925 label 6
743 213212.925 label 7
744 213495.925 label 8
745 213778.925 label 9
746 214061.925 label 10
747 214344.925 label 11
748 214627.925 label 12
749 214910.925 label 13
750 215193.925 label 14
751 215476.925 label 15
752 215759.925 label 0
753 216042.925 label 1
754 216325.925 label 2
755 216608.925 label 3
756 216891.925 label 4
757 217174.925 label 5
758 217457.925 label 6
759 217740.925 label 7
760 218023.925 label 8
761 218306.925 label 9
762 218589.925 label 10
763 218872.925 label 11
764 219155.925 label 12
765 219438.925 label 13
766 219721.925 label 14
767 220004.925 label 15
768 220287.925 label 0
769 220570.925 label 1
770 220853.925 label 2
771 221136.925 label 3
772 221419.925 label 4
773 221702.925 label 5
774 221985.925 label 6
775 222268.925 label 7
776 222551.925 label 8
777 222834.925 label 9
778 223117.925 label 10
779 223400.925 label 11
780 223683.925 label 12
781 223966.925 label 13
782 224249.925 label 14
783 224532.925 label 15
784 224815.925 label 0
785 225098.925 label 1
786 225381.925 label 2
787 225664.925 label 3
788 225947.925 label 4
789 226230.925 label 5
790 226513.925 label 6
791 226796.925 label 7
792 227079.925 label 8
793 227362.925 label 9
794 227645.925 label 10
795 227928.925 label 11
796 228211.925 label 12
797 228494.925 label 13
798 228777.925 label 14
799 229060.925 label 15
800 229343.925 label 0
801 229626.925 label 1
802 229909.925 label 2
803 230192.925 label 3
804 230475.925 label 4
805 230758.925 label 5
806 231041.925 label 6
807 231324.925 label 7
808 231607.925 label 8
809 231890.925 label 9
810 232173.925 label 10
811 232456.925 label 11
812 232739.925 label 12
813 233022.925 label 13
814 233305.925 label 14
815 233588.925 label 15
816 233871.925 label 0
817 234154.925 label 1
818 234437.925 label 2
819 234720.925 label 3
820 235003.925 label 4
821 235286.925 label 5
822 235569.925 label 6
823 235852.925 label 7
824 236135.925 label 8
825 236418.925 label 9
826 236701.925 label 10
827 236984.925 label 11
828 237267.925 label 12
829 237550.925 label 13
830 237833.925 label 14
831 238116.925 label 15
832 238399.925 label 0
833 238682.925 label 1
834 238965.925 label 2
835 239248.925 label 3
836 239531.925 label 4
837 239814.925 label 5
838 240097.925 label 6
839 240380.925 label 7
840 240663.925 label 8
841 240946.925 label 9
842 241229.925 label 10
843 241512.925 label 11
844 241795.925 label 12
845 242078.925 label 13
846 242361.925 label 14
847 242644.925 label 15
848 242927.925 label 0
849 243210.925 label 1
850 243493.925 label 2
851 243776.925 label 3
852 244059.925 label 4
853 244342.925 label 5
854 244625.925 label 6
855 244908.925 label 7
856 245191.925 label 8
857 245474.925 label 9
858 245757.925 label 10
859 246040.925 label 11
860 246323.925 label 12
861 246606.925 label 13
862 246889.925 label 14
863 247172.925 label 15
864 247455.925 label 0
865 247738.925 label 1
866 248021.925 label 2
867 248304.925 label 3
868 248587.925 label 4
869 248870.925 label 5
870 249153.925 label 6
871 249436.925 label 7
872 249719.925 label 8
873 250002.925 label 9
874 250285.925 label 10
875 250568.925 label 11
876 250851.925 label 12
877 251134.925 label 13
878 251417.925 label 14
879 251700.925 label 15
880 251983.925 label 0
881 252266.925 label 1
882 252549.925 label 2
883 252832.925 label 3
884 253115.925 label 4
885 253398.925 label 5
886 253681.925 label 6
887 253964.925 label 7
888 254247.925 label 8
889 254530.925 label 9
890 254813.925 label 10
891 255096.925 label 11
892 255379.925 label 12
893 255662.925 label 13
894 255945.925 label 14
895 256228.925 label 15
896 256511.925 label 0
897 256794.925 label 1
898 257077.925 label 2
899 257360.925 label 3
900 257643.925 label 4
901 257926.925 label 5
902 258209.925 label 6
903 258492.925 label 7
904 258775.925 label 8
905 259058.925 label 9
906 259341.925 label 10
907 259624.925 label 11
908 259907.925 label 12
909 260190.925 label 13
910 260473.925 label 14
911 260756.925 label 15
912 261039.925 label 0
913 261322.925 label 1
914 261605.925 label 2
915 261888.925 label 3
916 262171.925 label 4
917 262454.925 label 5
918 262737.925 label 6
919 263020.925 label 7
920 263303.925 label 8
921 263586.925 label 9
922 263869.925 label 10
923 264152.925 label 11
924 264435.925 label 12
925 264718.925 label 13
926 265001.925 label 14
927 265284.925 label 15
928 265567.925 label 0
929 265850.925 label 1
930 266133.925 label 2
931 266416.925 label 3
932 266699.925 label 4
933 266982.925 label 5
934 267265.925 label 6
935 267548.925 label 7
936 267831.925 label 8
937 268114.925 label 9
938 268397.925 label 10
939 268680.925 label 11
940 268963.925 label 12
941 269246.925 label 13
942 269529.925 label 14
943 269812.925 label 15
944 270095.925 label 0
945 270378.925 label 1
946 270661.925 label 2
947 270944.925 label 3
948 271227.925 label 4
949 271510.925 label 5
950 271793.925 label 6
951 272076.925 label 7
952 272359.925 label 8
953 272642.925 label 9
954 272925.925 label 10
955 273208.925 label 11
956 273491.925 label 12
957 273774.925 label 13
958 274057.925 label 14
959 274340.925 label 15
960 274623.925 label 0
961 274906.925 label 1
962 275189.925 label 2
963 275472.925 label 3
964 275755.925 label 4
965 276038.925 label 5
966 276321.925 label 6
967 276604.925 label 7
968 276887.925 label 8
969 277170.925 label 9
970 277453.925 label 10
971 277736.925 label 11
972 278019.925 label 12
973 278302.925 label 13
974 278585.925 label 14
975 278868.925 label 15
976 279151.925 label 0
977 279434.925 label 1
978 279717.925 label 2
979 280000.925 label 3
980 280283.925 label 4
981 280566.925 label 5
982 280849.925 label 6
983 281132.925 label 7
984 281415.925 label 8
985 281698.925 label 9
986 281981.925 label 10
987 282264.925 label 11
988 282547.925 label 12
989 282830.925 label 13
990 283113.925 label 14
991 283396.925 label 15
992 283679.925 label 0
993 283962.925 label 1
994 284245.925 label 2
995 284528.925 label 3
996 284811.925 label 4
997 285094.925 label 5
998 285377.925 label 6
999 285660.925 label 7
1000 285943.925 label 8
1001 286226.925 label 9
1002 286509.925 label 10
1003 286792.925 label 11
1004 287075.925 label 12
1005 287358.925 label 13
1006 287641.925 label 14
1007 287924.925 label 15
1008 288207.925 label 0
1009 288490.925 label 1
1010 288773.925 label 2
