0 5484.940 label 0
1 5769.940 label 1
2 6054.940 label 2
3 6339.940 label 3
4 6624.940 label 4
5 6909.940 label 5
6 7194.940 label 6
7 7479.940 label 7
8 7764.940 label 8
9 8049.940 label 9
10 8334.940 label 10
11 8619.940 label 11
12 8904.940 label 12
13 9189.940 label 13
14 9474.940 label 14
15 9759.940 label 15
16 10044.940 label 0
17 10329.940 label 1
18 10614.940 label 2
19 10899.940 label 3
20 11184.940 label 4
21 11469.940 label 5
22 11754.940 label 6
23 12039.940 label 7
24 12324.940 label 8
25 12609.940 label 9
26 12894.940 label 10
27 13179.940 label 11
28 13464.940 label 12
29 13749.940 label 13
30 14034.940 label 14
31 14319.940 label 15
32 14604.940 label 0
33 14889.940 label 1
34 15174.940 label 2
35 15459.940 label 3
36 15744.940 label 4
37 16029.940 label 5
38 16314.940 label 6
39 16599.940 label 7
40 16884.940 label 8
41 17169.940 label 9
42 17454.940 label 10
43 17739.940 label 11
44 18024.940 label 12
45 18309.940 label 13
46 18594.940 label 14
47 18879.940 label 15
48 19164.940 label 0
49 19449.940 label 1
50 19734.940 label 2
51 20019.940 label 3
52 20304.940 label 4
53 20589.940 label 5
54 20874.940 label 6
55 21159.940 label 7
56 21444.940 label 8
57 21729.940 label 9
58 22014.940 label 10
59 22299.940 label 11
60 22584.940 label 12
61 22869.940 label 13
62 23154.940 label 14
63 23439.940 label 15
64 23724.940 label 0
65 24009.940 label 1
66 24294.940 label 2
67 24579.940 label 3
68 24864.940 label 4
69 25149.940 label 5
70 25434.940 label 6
71 25719.940 label 7
72 26004.940 label 8
73 26289.940 label 9
74 26574.940 label 10
75 26859.940 label 11
76 27144.940 label 12
77 27429.940 label 13
78 27714.940 label 14
79 27999.940 label 15
80 28284.940 label 0
81 28569.940 label 1
82 28854.940 label 2
83 29139.940 label 3
84 29424.940 label 4
85 29709.940 label 5
86 29994.940 label 6
87 30279.940 label 7
88 30564.940 label 8
89 30849.940 label 9
90 31134.940 label 10
91 31419.940 label 11
92 31704.940 label 12
93 31989.940 label 13
94 32274.940 label 14
95 32559.940 label 15
96 32844.940 label 0
97 33129.940 label 1
98 33414.940 label 2
99 33699.940 label 3
100 33984.940 label 4
101 34269.940 label 5
102 34554.940 label 6
103 34839.940 label 7
104 35124.940 label 8
105 35409.940 label 9
106 35694.940 label 10
107 35979.940 label 11
108 36264.940 label 12
109 36549.940 label 13
110 36834.940 label 14
111 37119.940 label 15
112 37404.940 label 0
113 37689.940 label 1
114 37974.940 label 2
115 38259.940 label 3
116 38544.940 label 4
117 38829.940 label 5
118 39114.940 label 6
119 39399.940 label 7
120 39684.940 label 8
121 39969.940 label 9
122 40254.940 label 10
123 40539.940 label 11
124 40824.940 label 12
125 41109.940 label 13
126 41394.940 label 14
127 41679.940 label 15
128 41964.940 label 0
129 42249.940 label 1
130 42534.940 label 2
131 42819.940 label 3
132 43104.940 label 4
133 43389.940 label 5
134 43674.940 label 6
135 43959.940 label 7
136 44244.940 label 8
137 44529.940 label 9
138 44814.940 label 10
139 45099.940 label 11
140 45384.940 label 12
141 45669.940 label 13
142 45954.940 label 14
143 46239.940 label 15
144 46524.940 label 0
145 46809.940 label 1
146 47094.940 label 2
147 47379.940 label 3
148 47664.940 label 4
149 47949.940 label 5
150 48234.940 label 6
151 48519.940 label 7
152 48804.940 label 8
153 49089.940 label 9
154 49374.940 label 10
155 49659.940 label 11
156 49944.940 label 12
157 50229.940 label 13
158 50514.940 label 14
159 50799.940 label 15
160 51084.940 label 0
161 51369.940 label 1
162 51654.940 label 2
163 51939.940 label 3
164 52224.940 label 4
165 52509.940 label 5
166 52794.940 label 6
167 53079.940 label 7
168 53364.940 label 8
169 53649.940 label 9
170 53934.940 label 10
171 54219.940 label 11
172 54504.940 label 12
173 54789.940 label 13
174 55074.940 label 14
175 55359.940 label 15
176 55644.940 label 0
177 55929.940 label 1
178 56214.940 label 2
179 56499.940 label 3
180 56784.940 label 4
181 57069.940 label 5
182 57354.940 label 6
183 57639.940 label 7
184 57924.940 label 8
185 58209.940 label 9
186 58494.940 label 10
187 58779.940 label 11
188 59064.940 label 12
189 59349.940 label 13
190 59634.940 label 14
191 59919.940 label 15
192 60204.940 label 0
193 60489.940 label 1
194 60774.940 label 2
195 61059.940 label 3
196 61344.940 label 4
197 61629.940 label 5
198 61914.940 label 6
199 62199.940 label 7
200 62484.940 label 8
201 62769.940 label 9
202 63054.940 label 10
203 63339.940 label 11
204 63624.940 label 12
205 63909.940 label 13
206 64194.940 label 14
207 64479.940 label 15
208 64764.940 label 0
209 65049.940 label 1
210 65334.940 label 2
211 65619.940 label 3
212 65904.940 label 4
213 66189.940 label 5
214 66474.940 label 6
215 66759.940 label 7
216 67044.940 label 8
217 67329.940 label 9
218 67614.940 label 10
219 67899.940 label 11
220 68184.940 label 12
221 68469.940 label 13
222 68754.940 label 14
223 69039.940 label 15
224 69324.940 label 0
225 69609.940 label 1
226 69894.940 label 2
227 70179.940 label 3
228 70464.940 label 4
229 70749.940 label 5
230 71034.940 label 6
231 71319.940 label 7
232 71604.940 label 8
233 71889.940 label 9
234 72174.940 label 10
235 72459.940 label 11
236 72744.940 label 12
237 73029.940 label 13
238 73314.940 label 14
239 73599.940 label 15
240 73884.940 label 0
241 74169.940 label 1
242 74454.940 label 2
243 74739.940 label 3
244 75024.940 label 4
245 75309.940 label 5
246 75594.940 label 6
247 75879.940 label 7
248 76164.940 label 8
249 76449.940 label 9
250 76734.940 label 10
251 77019.940 label 11
252 77304.940 label 12
253 77589.940 label 13
254 77874.940 label 14
255 78159.940 label 15
256 78444.940 label 0
257 78729.940 label 1
258 79014.940 label 2
259 79299.940 label 3
260 79584.940 label 4
261 79869.940 label 5
262 80154.940 label 6
263 80439.940 label 7
264 80724.940 label 8
265 81009.940 label 9
266 81294.940 label 10
267 81579.940 label 11
268 81864.940 label 12
269 82149.940 label 13
270 82434.940 label 14
271 82719.940 label 15
272 83004.940 label 0
273 83289.940 label 1
274 83574.940 label 2
275 83859.940 label 3
276 84144.940 label 4
277 84429.940 label 5
278 84714.940 label 6
279 84999.940 label 7
280 85284.940 label 8
281 85569.940 label 9
282 85854.940 label 10
283 86139.940 label 11
284 86424.940 label 12
285 86709.940 label 13
286 86994.940 label 14
287 87279.940 label 15
288 87564.940 label 0
289 87849.940 label 1
290 88134.940 label 2
291 88419.940 label 3
292 88704.940 label 4
293 88989.940 label 5
294 89274.940 label 6
295 89559.940 label 7
296 89844.940 label 8
297 90129.940 label 9
298 90414.940 label 10
299 90699.940 label 11
300 90984.940 label 12
301 91269.940 label 13
302 91554.940 label 14
303 91839.940 label 15
304 92124.940 label 0
305 92409.940 label 1
306 92694.940 label 2
307 92979.940 label 3
308 93264.940 label 4
309 93549.940 label 5
310 93834.940 label 6
311 94119.940 label 7
312 94404.940 label 8
313 94689.940 label 9
314 94974.940 label 10
315 95259.940 label 11
316 95544.940 label 12
317 95829.940 label 13
318 96114.940 label 14
319 96399.940 label 15
320 96684.940 label 0
321 96969.940 label 1
322 97254.940 label 2
323 97539.940 label 3
324 97824.940 label 4
325 98109.940 label 5
326 98394.940 label 6
327 98679.940 label 7
328 98964.940 label 8
329 99249.940 label 9
330 99534.940 label 10
331 99819.940 label 11
332 100104.940 label 12
333 100389.940 label 13
334 100674.940 label 14
335 100959.940 label 15
336 101244.940 label 0
337 101529.940 label 1
338 101814.940 label 2
339 102099.940 label 3
340 102384.940 label 4
341 102669.940 label 5
342 102954.940 label 6
343 103239.940 label 7
344 103524.940 label 8
345 103809.940 label 9
346 104094.940 label 10
347 104379.940 label 11
348 104664.940 label 12
349 104949.940 label 13
350 105234.940 label 14
351 105519.940 label 15
352 105804.940 label 0
353 106089.940 label 1
354 106374.940 label 2
355 106659.940 label 3
356 106944.940 label 4
357 107229.940 label 5
358 107514.940 label 6
359 107799.940 label 7
360 108084.940 label 8
361 108369.940 label 9
362 108654.940 label 10
363 108939.940 label 11
364 109224.940 label 12
365 109509.940 label 13
366 109794.940 label 14
367 110079.940 label 15
368 110364.940 label 0
369 110649.940 label 1
370 110934.940 label 2
371 111219.940 label 3
372 111504.940 label 4
373 111789.940 label 5
374 112074.940 label 6
375 112359.940 label 7
376 112644.940 label 8
377 112929.940 label 9
378 113214.940 label 10
379 113499.940 label 11
380 113784.940 label 12
381 114069.940 label 13
382 114354.940 label 14
383 114639.940 label 15
384 114924.940 label 0
385 115209.940 label 1
386 115494.940 label 2
387 115779.940 label 3
388 116064.940 label 4
389 116349.940 label 5
390 116634.940 label 6
391 116919.940 label 7
392 117204.940 label 8
393 117489.940 label 9
394 117774.940 label 10
395 118059.940 label 11
396 118344.940 label 12
397 118629.940 label 13
398 118914.940 label 14
399 119199.940 label 15
400 119484.940 label 0
401 119769.940 label 1
402 120054.940 label 2
403 120339.940 label 3
404 120624.940 label 4
405 120909.940 label 5
406 121194.940 label 6
407 121479.940 label 7
408 121764.940 label 8
409 122049.940 label 9
410 122334.940 label 10
411 122619.940 label 11
412 122904.940 label 12
413 123189.940 label 13
414 123474.940 label 14
415 123759.940 label 15
416 124044.940 label 0
417 124329.940 label 1
418 124614.940 label 2
419 124899.940 label 3
420 125184.940 label 4
421 125469.940 label 5
422 125754.940 label 6
423 126039.940 label 7
424 126324.940 label 8
425 126609.940 label 9
426 126894.940 label 10
427 127179.940 label 11
428 127464.940 label 12
429 127749.940 label 13
430 128034.940 label 14
431 128319.940 label 15
432 128604.940 label 0
433 128889.940 label 1
434 129174.940 label 2
435 129459.940 label 3
436 129744.940 label 4
437 130029.940 label 5
438 130314.940 label 6
439 130599.940 label 7
440 130884.940 label 8
441 131169.940 label 9
442 131454.940 label 10
443 131739.940 label 11
444 132024.940 label 12
445 132309.940 label 13
446 132594.940 label 14
447 132879.940 label 15
448 133164.940 label 0
449 133449.940 label 1
450 133734.940 label 2
451 134019.940 label 3
452 134304.940 label 4
453 134589.940 label 5
454 134874.940 label 6
455 135159.940 label 7
456 135444.940 label 8
457 135729.940 label 9
458 136014.940 label 10
459 136299.940 label 11
460 136584.940 label 12
461 136869.940 label 13
462 137154.940 label 14
463 137439.940 label 15
464 137724.940 label 0
465 138009.940 label 1
466 138294.940 label 2
467 138579.940 label 3
468 138864.940 label 4
469 139149.940 label 5
470 139434.940 label 6
471 139719.940 label 7
472 140004.940 label 8
473 140289.940 label 9
474 140574.940 label 10
475 140859.940 label 11
476 141144.940 label 12
477 141429.940 label 13
478 141714.940 label 14
479 141999.940 label 15
480 142284.940 label 0
481 142569.940 label 1
482 142854.940 label 2
483 143139.940 label 3
484 143424.940 label 4
485 143709.940 label 5
486 143994.940 label 6
487 144279.940 label 7
488 144564.940 label 8
489 144849.940 label 9
490 145134.940 label 10
491 145419.940 label 11
492 145704.940 label 12
493 145989.940 label 13
494 146274.940 label 14
495 146559.940 label 15
496 146844.940 label 0
497 147129.940 label 1
498 147414.940 label 2
499 147699.940 label 3
500 147984.940 label 4
501 148269.940 label 5
502 148554.940 label 6
503 148839.940 label 7
504 149124.940 label 8
505 149409.940 label 9
506 149694.940 label 10
507 149979.940 label 11
508 150264.940 label 12
509 150549.940 label 13
510 150834.940 label 14
511 151119.940 label 15
512 151404.940 label 0
513 151689.940 label 1
514 151974.940 label 2
515 152259.940 label 3
516 152544.940 label 4
517 152829.940 label 5
518 153114.940 label 6
519 153399.940 label 7
520 153684.940 label 8
521 153969.940 label 9
522 154254.940 label 10
523 154539.940 label 11
524 154824.940 label 12
525 155109.940 label 13
526 155394.940 label 14
527 155679.940 label 15
528 155964.940 label 0
529 156249.940 label 1
530 156534.940 label 2
531 156819.940 label 3
532 157104.940 label 4
533 157389.940 label 5
534 157674.940 label 6
535 157959.940 label 7
536 158244.940 label 8
537 158529.940 label 9
538 158814.940 label 10
539 159099.940 label 11
540 159384.940 label 12
541 159669.940 label 13
542 159954.940 label 14
543 160239.940 label 15
544 160524.940 label 0
545 160809.940 label 1
546 161094.940 label 2
547 161379.940 label 3
548 161664.940 label 4
549 161949.940 label 5
550 162234.940 label 6
551 162519.940 label 7
552 162804.940 label 8
553 163089.940 label 9
554 163374.940 label 10
555 163659.940 label 11
556 163944.940 label 12
557 164229.940 label 13
558 164514.940 label 14
559 164799.940 label 15
560 165084.940 label 0
561 165369.940 label 1
562 165654.940 label 2
563 165939.940 label 3
564 166224.940 label 4
565 166509.940 label 5
566 166794.940 label 6
567 167079.940 label 7
568 167364.940 label 8
569 167649.940 label 9
570 167934.940 label 10
571 168219.940 label 11
572 168504.940 label 12
573 168789.940 label 13
574 169074.940 label 14
575 169359.940 label 15
576 169644.940 label 0
577 169929.940 label 1
578 170214.940 label 2
579 170499.940 label 3
580 170784.940 label 4
581 171069.940 label 5
582 171354.940 label 6
583 171639.940 label 7
584 171924.940 label 8
585 172209.940 label 9
586 172494.940 label 10
587 172779.940 label 11
588 173064.940 label 12
589 173349.940 label 13
590 173634.940 label 14
591 173919.940 label 15
592 174204.940 label 0
593 174489.940 label 1
594 174774.940 label 2
595 175059.940 label 3
596 175344.940 label 4
597 175629.940 label 5
598 175914.940 label 6
599 176199.940 label 7
600 176484.940 label 8
601 176769.940 label 9
602 177054.940 label 10
603 177339.940 label 11
604 177624.940 label 12
605 177909.940 label 13
606 178194.940 label 14
607 178479.940 label 15
608 178764.940 label 0
609 179049.940 label 1
610 179334.940 label 2
611 179619.940 label 3
612 179904.940 label 4
613 180189.940 label 5
614 180474.940 label 6
615 180759.940 label 7
616 181044.940 label 8
617 181329.940 label 9
618 181614.940 label 10
619 181899.940 label 11
620 182184.940 label 12
621 182469.940 label 13
622 182754.940 label 14
623 183039.940 label 15
624 183324.940 label 0
625 183609.940 label 1
626 183894.940 label 2
627 184179.940 label 3
628 184464.940 label 4
629 184749.940 label 5
630 185034.940 label 6
631 185319.940 label 7
632 185604.940 label 8
633 185889.940 label 9
634 186174.940 label 10
635 186459.940 label 11
636 186744.940 label 12
637 187029.940 label 13
638 187314.940 label 14
639 187599.940 label 15
640 187884.940 label 0
641 188169.940 label 1
642 188454.940 label 2
643 188739.940 label 3
644 189024.940 label 4
645 189309.940 label 5
646 189594.940 label 6
647 189879.940 label 7
648 190164.940 label 8
649 190449.940 label 9
650 190734.940 label 10
651 191019.940 label 11
652 191304.940 label 12
653 191589.940 label 13
654 191874.940 label 14
655 192159.940 label 15
656 192444.940 label 0
657 192729.940 label 1
658 193014.940 label 2
659 193299.940 label 3
660 193584.940 label 4
661 193869.940 label 5
662 194154.940 label 6
663 194439.940 label 7
664 194724.940 label 8
665 195009.940 label 9
666 195294.940 label 10
667 195579.940 label 11
668 195864.940 label 12
669 196149.940 label 13
670 196434.940 label 14
671 196719.940 label 15
672 197004.940 label 0
673 197289.940 label 1
674 197574.940 label 2
675 197859.940 label 3
676 198144.940 label 4
677 198429.940 label 5
678 198714.940 label 6
679 198999.940 label 7
680 199284.940 label 8
681 199569.940 label 9
682 199854.940 label 10
683 200139.940 label 11
684 200424.940 label 12
685 200709.940 label 13
686 200994.940 label 14
687 201279.940 label 15
688 201564.940 label 0
689 201849.940 label 1
690 202134.940 label 2
691 202419.940 label 3
692 202704.940 label 4
693 202989.940 label 5
694 203274.940 label 6
695 203559.940 label 7
696 203844.940 label 8
697 204129.940 label 9
698 204414.940 label 10
699 204699.940 label 11
700 204984.940 label 12
701 205269.940 label 13
702 205554.940 label 14
703 205839.940 label 15
704 206124.940 label 0
705 206409.940 label 1
706 206694.940 label 2
