0 2476.863 label 0
1 2747.863 label 1
2 3018.863 label 2
3 3289.863 label 3
4 3560.863 label 4
5 3831.863 label 5
6 4102.863 label 6
7 4373.863 label 7
8 4644.863 label 8
9 4915.863 label 9
10 5186.863 label 10
11 5457.863 label 11
12 5728.863 label 12
13 5999.863 label 13
14 6270.863 label 14
15 6541.863 label 15
16 6812.863 label 0
17 7083.863 label 1
18 7354.863 label 2
19 7625.863 label 3
20 7896.863 label 4
21 8167.863 label 5
22 8438.863 label 6
23 8709.863 label 7
24 8980.863 label 8
25 9251.863 label 9
26 9522.863 label 10
27 9793.863 label 11
28 10064.863 label 12
29 10335.863 label 13
30 10606.863 label 14
31 10877.863 label 15
32 11148.863 label 0
33 11419.863 label 1
34 11690.863 label 2
35 11961.863 label 3
36 12232.863 label 4
37 12503.863 label 5
38 12774.863 label 6
39 13045.863 label 7
40 13316.863 label 8
41 13587.863 label 9
42 13858.863 label 10
43 14129.863 label 11
44 14400.863 label 12
45 14671.863 label 13
46 14942.863 label 14
47 15213.863 label 15
48 15484.863 label 0
49 15755.863 label 1
50 16026.863 label 2
51 16297.863 label 3
52 16568.863 label 4
53 16839.863 label 5
54 17110.863 label 6
55 17381.863 label 7
56 17652.863 label 8
57 17923.863 label 9
58 18194.863 label 10
59 18465.863 label 11
60 18736.863 label 12
61 19007.863 label 13
62 19278.863 label 14
63 19549.863 label 15
64 19820.863 label 0
65 20091.863 label 1
66 20362.863 label 2
67 20633.863 label 3
68 20904.863 label 4
69 21175.863 label 5
70 21446.863 label 6
71 21717.863 label 7
72 21988.863 label 8
73 22259.863 label 9
74 22530.863 label 10
75 22801.863 label 11
76 23072.863 label 12
77 23343.863 label 13
78 23614.863 label 14
79 23885.863 label 15
80 24156.863 label 0
81 24427.863 label 1
82 24698.863 label 2
83 24969.863 label 3
84 25240.863 label 4
85 25511.863 label 5
86 25782.863 label 6
87 26053.863 label 7
88 26324.863 label 8
89 26595.863 label 9
90 26866.863 label 10
91 27137.863 label 11
92 27408.863 label 12
93 27679.863 label 13
94 27950.863 label 14
95 28221.863 label 15
96 28492.863 label 0
97 28763.863 label 1
98 29034.863 label 2
99 29305.863 label 3
100 29576.863 label 4
101 29847.863 label 5
102 30118.863 label 6
103 30389.863 label 7
104 30660.863 label 8
105 30931.863 label 9
106 31202.863 label 10
107 31473.863 label 11
108 31744.863 label 12
109 32015.863 label 13
110 32286.863 label 14
111 32557.863 label 15
112 32828.863 label 0
113 33099.863 label 1
114 33370.863 label 2
115 33641.863 label 3
116 33912.863 label 4
117 34183.863 label 5
118 34454.863 label 6
119 34725.863 label 7
120 34996.863 label 8
121 35267.863 label 9
122 35538.863 label 10
123 35809.863 label 11
124 36080.863 label 12
125 36351.863 label 13
126 36622.863 label 14
127 36893.863 label 15
128 37164.863 label 0
129 37435.863 label 1
130 37706.863 label 2
131 37977.863 label 3
132 38248.863 label 4
133 38519.863 label 5
134 38790.863 label 6
135 39061.863 label 7
136 39332.863 label 8
137 39603.863 label 9
138 39874.863 label 10
139 40145.863 label 11
140 40416.863 label 12
141 40687.863 label 13
142 40958.863 label 14
143 41229.863 label 15
144 41500.863 label 0
145 41771.863 label 1
146 42042.863 label 2
147 42313.863 label 3
148 42584.863 label 4
149 42855.863 label 5
150 43126.863 label 6
151 43397.863 label 7
152 43668.863 label 8
153 43939.863 label 9
154 44210.863 label 10
155 44481.863 label 11
156 44752.863 label 12
157 45023.863 label 13
158 45294.863 label 14
159 45565.863 label 15
160 45836.863 label 0
161 46107.863 label 1
162 46378.863 label 2
163 46649.863 label 3
164 46920.863 label 4
165 47191.863 label 5
166 47462.863 label 6
167 47733.863 label 7
168 48004.863 label 8
169 48275.863 label 9
170 48546.863 label 10
171 48817.863 label 11
172 49088.863 label 12
173 49359.863 label 13
174 49630.863 label 14
175 49901.863 label 15
176 50172.863 label 0
177 50443.863 label 1
178 50714.863 label 2
179 50985.863 label 3
180 51256.863 label 4
181 51527.863 label 5
182 51798.863 label 6
183 52069.863 label 7
184 52340.863 label 8
185 52611.863 label 9
186 52882.863 label 10
187 53153.863 label 11
188 53424.863 label 12
189 53695.863 label 13
190 53966.863 label 14
191 54237.863 label 15
192 54508.863 label 0
193 54779.863 label 1
194 55050.863 label 2
195 55321.863 label 3
196 55592.863 label 4
197 55863.863 label 5
198 56134.863 label 6
199 56405.863 label 7
200 56676.863 label 8
201 56947.863 label 9
202 57218.863 label 10
203 57489.863 label 11
204 57760.863 label 12
205 58031.863 label 13
206 58302.863 label 14
207 58573.863 label 15
208 58844.863 label 0
209 59115.863 label 1
210 59386.863 label 2
211 59657.863 label 3
212 59928.863 label 4
213 60199.863 label 5
214 60470.863 label 6
215 60741.863 label 7
216 61012.863 label 8
217 61283.863 label 9
218 61554.863 label 10
219 61825.863 label 11
220 62096.863 label 12
221 62367.863 label 13
222 62638.863 label 14
223 62909.863 label 15
224 63180.863 label 0
225 63451.863 label 1
226 63722.863 label 2
227 63993.863 label 3
228 64264.863 label 4
229 64535.863 label 5
230 64806.863 label 6
231 65077.863 label 7
232 65348.863 label 8
233 65619.863 label 9
234 65890.863 label 10
235 66161.863 label 11
236 66432.863 label 12
237 66703.863 label 13
238 66974.863 label 14
239 67245.863 label 15
240 67516.863 label 0
241 67787.863 label 1
242 68058.863 label 2
243 68329.863 label 3
244 68600.863 label 4
245 68871.863 label 5
246 69142.863 label 6
247 69413.863 label 7
248 69684.863 label 8
249 69955.863 label 9
250 70226.863 label 10
251 70497.863 label 11
252 70768.863 label 12
253 71039.863 label 13
254 71310.863 label 14
255 71581.863 label 15
256 71852.863 label 0
257 72123.863 label 1
258 72394.863 label 2
259 72665.863 label 3
260 72936.863 label 4
261 73207.863 label 5
262 73478.863 label 6
263 73749.863 label 7
264 74020.863 label 8
265 74291.863 label 9
266 74562.863 label 10
267 74833.863 label 11
268 75104.863 label 12
269 75375.863 label 13
270 75646.863 label 14
271 75917.863 label 15
272 76188.863 label 0
273 76459.863 label 1
274 76730.863 label 2
275 77001.863 label 3
276 77272.863 label 4
277 77543.863 label 5
278 77814.863 label 6
279 78085.863 label 7
280 78356.863 label 8
281 78627.863 label 9
282 78898.863 label 10
283 79169.863 label 11
284 79440.863 label 12
285 79711.863 label 13
286 79982.863 label 14
287 80253.863 label 15
288 80524.863 label 0
289 80795.863 label 1
290 81066.863 label 2
291 81337.863 label 3
292 81608.863 label 4
293 81879.863 label 5
294 82150.863 label 6
295 82421.863 label 7
296 82692.863 label 8
297 82963.863 label 9
298 83234.863 label 10
299 83505.863 label 11
300 83776.863 label 12
301 84047.863 label 13
302 84318.863 label 14
303 84589.863 label 15
304 84860.863 label 0
305 85131.863 label 1
306 85402.863 label 2
307 85673.863 label 3
308 85944.863 label 4
309 86215.863 label 5
310 86486.863 label 6
311 86757.863 label 7
312 87028.863 label 8
313 87299.863 label 9
314 87570.863 label 10
315 87841.863 label 11
316 88112.863 label 12
317 88383.863 label 13
318 88654.863 label 14
319 88925.863 label 15
320 89196.863 label 0
321 89467.863 label 1
322 89738.863 label 2
323 90009.863 label 3
324 90280.863 label 4
325 90551.863 label 5
326 90822.863 label 6
327 91093.863 label 7
328 91364.863 label 8
329 91635.863 label 9
330 91906.863 label 10
331 92177.863 label 11
332 92448.863 label 12
333 92719.863 label 13
334 92990.863 label 14
335 93261.863 label 15
336 93532.863 label 0
337 93803.863 label 1
338 94074.863 label 2
339 94345.863 label 3
340 94616.863 label 4
341 94887.863 label 5
342 95158.863 label 6
343 95429.863 label 7
344 95700.863 label 8
345 95971.863 label 9
346 96242.863 label 10
347 96513.863 label 11
348 96784.863 label 12
349 97055.863 label 13
350 97326.863 label 14
351 97597.863 label 15
352 97868.863 label 0
353 98139.863 label 1
354 98410.863 label 2
355 98681.863 label 3
356 98952.863 label 4
357 99223.863 label 5
358 99494.863 label 6
359 99765.863 label 7
360 100036.863 label 8
361 100307.863 label 9
362 100578.863 label 10
363 100849.863 label 11
364 101120.863 label 12
365 101391.863 label 13
366 101662.863 label 14
367 101933.863 label 15
368 102204.863 label 0
369 102475.863 label 1
370 102746.863 label 2
371 103017.863 label 3
372 103288.863 label 4
373 103559.863 label 5
374 103830.863 label 6
375 104101.863 label 7
376 104372.863 label 8
377 104643.863 label 9
378 104914.863 label 10
379 105185.863 label 11
380 105456.863 label 12
381 105727.863 label 13
382 105998.863 label 14
383 106269.863 label 15
384 106540.863 label 0
385 106811.863 label 1
386 107082.863 label 2
387 107353.863 label 3
388 107624.863 label 4
389 107895.863 label 5
390 108166.863 label 6
391 108437.863 label 7
392 108708.863 label 8
393 108979.863 label 9
394 109250.863 label 10
395 109521.863 label 11
396 109792.863 label 12
397 110063.863 label 13
398 110334.863 label 14
399 110605.863 label 15
400 110876.863 label 0
401 111147.863 label 1
402 111418.863 label 2
403 111689.863 label 3
404 111960.863 label 4
405 112231.863 label 5
406 112502.863 label 6
407 112773.863 label 7
408 113044.863 label 8
409 113315.863 label 9
410 113586.863 label 10
411 113857.863 label 11
412 114128.863 label 12
413 114399.863 label 13
414 114670.863 label 14
415 114941.863 label 15
416 115212.863 label 0
417 115483.863 label 1
418 115754.863 label 2
419 116025.863 label 3
420 116296.863 label 4
421 116567.863 label 5
422 116838.863 label 6
423 117109.863 label 7
424 117380.863 label 8
425 117651.863 label 9
426 117922.863 label 10
427 118193.863 label 11
428 118464.863 label 12
429 118735.863 label 13
430 119006.863 label 14
431 119277.863 label 15
432 119548.863 label 0
433 119819.863 label 1
434 120090.863 label 2
435 120361.863 label 3
436 120632.863 label 4
437 120903.863 label 5
438 121174.863 label 6
439 121445.863 label 7
440 121716.863 label 8
441 121987.863 label 9
442 122258.863 label 10
443 122529.863 label 11
444 122800.863 label 12
445 123071.863 label 13
446 123342.863 label 14
447 123613.863 label 15
448 123884.863 label 0
449 124155.863 label 1
450 124426.863 label 2
451 124697.863 label 3
452 124968.863 label 4
453 125239.863 label 5
454 125510.863 label 6
455 125781.863 label 7
456 126052.863 label 8
457 126323.863 label 9
458 126594.863 label 10
459 126865.863 label 11
460 127136.863 label 12
461 127407.863 label 13
462 127678.863 label 14
463 127949.863 label 15
464 128220.863 label 0
465 128491.863 label 1
466 128762.863 label 2
467 129033.863 label 3
468 129304.863 label 4
469 129575.863 label 5
470 129846.863 label 6
471 130117.863 label 7
472 130388.863 label 8
473 130659.863 label 9
474 130930.863 label 10
475 131201.863 label 11
476 131472.863 label 12
477 131743.863 label 13
478 132014.863 label 14
479 132285.863 label 15
480 132556.863 label 0
481 132827.863 label 1
482 133098.863 label 2
483 133369.863 label 3
484 133640.863 label 4
485 133911.863 label 5
486 134182.863 label 6
487 134453.863 label 7
488 134724.863 label 8
489 134995.863 label 9
490 135266.863 label 10
491 135537.863 label 11
492 135808.863 label 12
493 136079.863 label 13
494 136350.863 label 14
495 136621.863 label 15
496 136892.863 label 0
497 137163.863 label 1
498 137434.863 label 2
499 137705.863 label 3
500 137976.863 label 4
501 138247.863 label 5
502 138518.863 label 6
503 138789.863 label 7
504 139060.863 label 8
505 139331.863 label 9
506 139602.863 label 10
507 139873.863 label 11
508 140144.863 label 12
509 140415.863 label 13
510 140686.863 label 14
511 140957.863 label 15
512 141228.863 label 0
513 141499.863 label 1
514 141770.863 label 2
515 142041.863 label 3
516 142312.863 label 4
517 142583.863 label 5
518 142854.863 label 6
519 143125.863 label 7
520 143396.863 label 8
521 143667.863 label 9
522 143938.863 label 10
523 144209.863 label 11
524 144480.863 label 12
525 144751.863 label 13
526 145022.863 label 14
527 145293.863 label 15
528 145564.863 label 0
529 145835.863 label 1
530 146106.863 label 2
531 146377.863 label 3
532 146648.863 label 4
533 146919.863 label 5
534 147190.863 label 6
535 147461.863 label 7
536 147732.863 label 8
537 148003.863 label 9
538 148274.863 label 10
539 148545.863 label 11
540 148816.863 label 12
541 149087.863 label 13
542 149358.863 label 14
543 149629.863 label 15
544 149900.863 label 0
545 150171.863 label 1
546 150442.863 label 2
547 150713.863 label 3
548 150984.863 label 4
549 151255.863 label 5
550 151526.863 label 6
551 151797.863 label 7
552 152068.863 label 8
553 152339.863 label 9
554 152610.863 label 10
555 152881.863 label 11
556 153152.863 label 12
557 153423.863 label 13
558 153694.863 label 14
559 153965.863 label 15
560 154236.863 label 0
561 154507.863 label 1
562 154778.863 label 2
563 155049.863 label 3
564 155320.863 label 4
565 155591.863 label 5
566 155862.863 label 6
567 156133.863 label 7
568 156404.863 label 8
569 156675.863 label 9
570 156946.863 label 10
571 157217.863 label 11
572 157488.863 label 12
573 157759.863 label 13
574 158030.863 label 14
575 158301.863 label 15
576 158572.863 label 0
577 158843.863 label 1
578 159114.863 label 2
579 159385.863 label 3
580 159656.863 label 4
581 159927.863 label 5
582 160198.863 label 6
583 160469.863 label 7
584 160740.863 label 8
585 161011.863 label 9
586 161282.863 label 10
587 161553.863 label 11
588 161824.863 label 12
589 162095.863 label 13
590 162366.863 label 14
591 162637.863 label 15
592 162908.863 label 0
593 163179.863 label 1
594 163450.863 label 2
595 163721.863 label 3
596 163992.863 label 4
597 164263.863 label 5
598 164534.863 label 6
599 164805.863 label 7
600 165076.863 label 8
601 165347.863 label 9
602 165618.863 label 10
603 165889.863 label 11
604 166160.863 label 12
605 166431.863 label 13
606 166702.863 label 14
607 166973.863 label 15
608 167244.863 label 0
609 167515.863 label 1
610 167786.863 label 2
611 168057.863 label 3
612 168328.863 label 4
613 168599.863 label 5
614 168870.863 label 6
615 169141.863 label 7
616 169412.863 label 8
617 169683.863 label 9
618 169954.863 label 10
619 170225.863 label 11
620 170496.863 label 12
621 170767.863 label 13
622 171038.863 label 14
623 171309.863 label 15
624 171580.863 label 0
625 171851.863 label 1
626 172122.863 label 2
627 172393.863 label 3
628 172664.863 label 4
629 172935.863 label 5
630 173206.863 label 6
631 173477.863 label 7
632 173748.863 label 8
633 174019.863 label 9
634 174290.863 label 10
635 174561.863 label 11
636 174832.863 label 12
637 175103.863 label 13
638 175374.863 label 14
639 175645.863 label 15
640 175916.863 label 0
641 176187.863 label 1
642 176458.863 label 2
643 176729.863 label 3
644 177000.863 label 4
645 177271.863 label 5
646 177542.863 label 6
647 177813.863 label 7
648 178084.863 label 8
649 178355.863 label 9
650 178626.863 label 10
651 178897.863 label 11
652 179168.863 label 12
653 179439.863 label 13
654 179710.863 label 14
655 179981.863 label 15
656 180252.863 label 0
657 180523.863 label 1
658 180794.863 label 2
659 181065.863 label 3
660 181336.863 label 4
661 181607.863 label 5
662 181878.863 label 6
663 182149.863 label 7
664 182420.863 label 8
665 182691.863 label 9
666 182962.863 label 10
667 183233.863 label 11
668 183504.863 label 12
669 183775.863 label 13
670 184046.863 label 14
671 184317.863 label 15
672 184588.863 label 0
673 184859.863 label 1
674 185130.863 label 2
675 185401.863 label 3
676 185672.863 label 4
677 185943.863 label 5
678 186214.863 label 6
679 186485.863 label 7
680 186756.863 label 8
681 187027.863 label 9
682 187298.863 label 10
683 187569.863 label 11
684 187840.863 label 12
685 188111.863 label 13
686 188382.863 label 14
687 188653.863 label 15
688 188924.863 label 0
689 189195.863 label 1
690 189466.863 label 2
691 189737.863 label 3
692 190008.863 label 4
693 190279.863 label 5
694 190550.863 label 6
695 190821.863 label 7
696 191092.863 label 8
697 191363.863 label 9
698 191634.863 label 10
699 191905.863 label 11
700 192176.863 label 12
701 192447.863 label 13
702 192718.863 label 14
703 192989.863 label 15
704 193260.863 label 0
705 193531.863 label 1
706 193802.863 label 2
707 194073.863 label 3
708 194344.863 label 4
709 194615.863 label 5
710 194886.863 label 6
711 195157.863 label 7
712 195428.863 label 8
713 195699.863 label 9
714 195970.863 label 10
715 196241.863 label 11
716 196512.863 label 12
717 196783.863 label 13
718 197054.863 label 14
719 197325.863 label 15
720 197596.863 label 0
721 197867.863 label 1
722 198138.863 label 2
723 198409.863 label 3
724 198680.863 label 4
725 198951.863 label 5
726 199222.863 label 6
727 199493.863 label 7
728 199764.863 label 8
729 200035.863 label 9
730 200306.863 label 10
731 200577.863 label 11
732 200848.863 label 12
733 201119.863 label 13
734 201390.863 label 14
735 201661.863 label 15
736 201932.863 label 0
737 202203.863 label 1
738 202474.863 label 2
739 202745.863 label 3
740 203016.863 label 4
741 203287.863 label 5
742 203558.863 label 6
743 203829.863 label 7
744 204100.863 label 8
745 204371.863 label 9
746 204642.863 label 10
747 204913.863 label 11
748 205184.863 label 12
749 205455.863 label 13
750 205726.863 label 14
751 205997.863 label 15
752 206268.863 label 0
753 206539.863 label 1
754 206810.863 label 2
755 207081.863 label 3
756 207352.863 label 4
757 207623.863 label 5
758 207894.863 label 6
759 208165.863 label 7
760 208436.863 label 8
761 208707.863 label 9
762 208978.863 label 10
763 209249.863 label 11
764 209520.863 label 12
765 209791.863 label 13
766 210062.863 label 14
767 210333.863 label 15
768 210604.863 label 0
769 210875.863 label 1
770 211146.863 label 2
771 211417.863 label 3
772 211688.863 label 4
773 211959.863 label 5
774 212230.863 label 6
775 212501.863 label 7
776 212772.863 label 8
777 213043.863 label 9
778 213314.863 label 10
779 213585.863 label 11
780 213856.863 label 12
781 214127.863 label 13
782 214398.863 label 14
783 214669.863 label 15
784 214940.863 label 0
785 215211.863 label 1
786 215482.863 label 2
787 215753.863 label 3
788 216024.863 label 4
789 216295.863 label 5
790 216566.863 label 6
791 216837.863 label 7
792 217108.863 label 8
793 217379.863 label 9
794 217650.863 label 10
795 217921.863 label 11
796 218192.863 label 12
797 218463.863 label 13
798 218734.863 label 14
799 219005.863 label 15
800 219276.863 label 0
801 219547.863 label 1
802 219818.863 label 2
803 220089.863 label 3
804 220360.863 label 4
805 220631.863 label 5
806 220902.863 label 6
807 221173.863 label 7
808 221444.863 label 8
809 221715.863 label 9
810 221986.863 label 10
811 222257.863 label 11
812 222528.863 label 12
813 222799.863 label 13
814 223070.863 label 14
815 223341.863 label 15
816 223612.863 label 0
817 223883.863 label 1
818 224154.863 label 2
819 224425.863 label 3
820 224696.863 label 4
821 224967.863 label 5
822 225238.863 label 6
823 225509.863 label 7
824 225780.863 label 8
825 226051.863 label 9
826 226322.863 label 10
827 226593.863 label 11
828 226864.863 label 12
829 227135.863 label 13
830 227406.863 label 14
831 227677.863 label 15
832 227948.863 label 0
833 228219.863 label 1
834 228490.863 label 2
835 228761.863 label 3
836 229032.863 label 4
837 229303.863 label 5
838 229574.863 label 6
839 229845.863 label 7
840 230116.863 label 8
841 230387.863 label 9
842 230658.863 label 10
843 230929.863 label 11
844 231200.863 label 12
845 231471.863 label 13
846 231742.863 label 14
847 232013.863 label 15
848 232284.863 label 0
849 232555.863 label 1
850 232826.863 label 2
851 233097.863 label 3
852 233368.863 label 4
853 233639.863 label 5
854 233910.863 label 6
855 234181.863 label 7
856 234452.863 label 8
857 234723.863 label 9
858 234994.863 label 10
859 235265.863 label 11
860 235536.863 label 12
861 235807.863 label 13
862 236078.863 label 14
863 236349.863 label 15
864 236620.863 label 0
865 236891.863 label 1
866 237162.863 label 2
867 237433.863 label 3
868 237704.863 label 4
869 237975.863 label 5
870 238246.863 label 6
871 238517.863 label 7
872 238788.863 label 8
873 239059.863 label 9
874 239330.863 label 10
875 239601.863 label 11
876 239872.863 label 12
877 240143.863 label 13
878 240414.863 label 14
879 240685.863 label 15
880 240956.863 label 0
881 241227.863 label 1
882 241498.863 label 2
883 241769.863 label 3
884 242040.863 label 4
885 242311.863 label 5
886 242582.863 label 6
887 242853.863 label 7
888 243124.863 label 8
889 243395.863 label 9
890 243666.863 label 10
891 243937.863 label 11
892 244208.863 label 12
893 244479.863 label 13
894 244750.863 label 14
895 245021.863 label 15
896 245292.863 label 0
897 245563.863 label 1
898 245834.863 label 2
899 246105.863 label 3
900 246376.863 label 4
901 246647.863 label 5
902 246918.863 label 6
903 247189.863 label 7
904 247460.863 label 8
905 247731.863 label 9
906 248002.863 label 10
907 248273.863 label 11
908 248544.863 label 12
909 248815.863 label 13
910 249086.863 label 14
911 249357.863 label 15
912 249628.863 label 0
913 249899.863 label 1
914 250170.863 label 2
915 250441.863 label 3
916 250712.863 label 4
917 250983.863 label 5
918 251254.863 label 6
919 251525.863 label 7
920 251796.863 label 8
921 252067.863 label 9
922 252338.863 label 10
923 252609.863 label 11
924 252880.863 label 12
925 253151.863 label 13
926 253422.863 label 14
927 253693.863 label 15
928 253964.863 label 0
929 254235.863 label 1
930 254506.863 label 2
931 254777.863 label 3
932 255048.863 label 4
933 255319.863 label 5
934 255590.863 label 6
935 255861.863 label 7
936 256132.863 label 8
937 256403.863 label 9
938 256674.863 label 10
939 256945.863 label 11
940 257216.863 label 12
941 257487.863 label 13
942 257758.863 label 14
943 258029.863 label 15
944 258300.863 label 0
945 258571.863 label 1
946 258842.863 label 2
947 259113.863 label 3
948 259384.863 label 4
949 259655.863 label 5
950 259926.863 label 6
951 260197.863 label 7
952 260468.863 label 8
953 260739.863 label 9
954 261010.863 label 10
955 261281.863 label 11
956 261552.863 label 12
957 261823.863 label 13
958 262094.863 label 14
959 262365.863 label 15
960 262636.863 label 0
961 262907.863 label 1
962 263178.863 label 2
963 263449.863 label 3
964 263720.863 label 4
965 263991.863 label 5
966 264262.863 label 6
967 264533.863 label 7
968 264804.863 label 8
969 265075.863 label 9
970 265346.863 label 10
971 265617.863 label 11
972 265888.863 label 12
973 266159.863 label 13
974 266430.863 label 14
975 266701.863 label 15
976 266972.863 label 0
977 267243.863 label 1
978 267514.863 label 2
979 267785.863 label 3
980 268056.863 label 4
981 268327.863 label 5
982 268598.863 label 6
983 268869.863 label 7
984 269140.863 label 8
985 269411.863 label 9
986 269682.863 label 10
987 269953.863 label 11
988 270224.863 label 12
989 270495.863 label 13
990 270766.863 label 14
991 271037.863 label 15
992 271308.863 label 0
993 271579.863 label 1
994 271850.863 label 2
995 272121.863 label 3
996 272392.863 label 4
997 272663.863 label 5
998 272934.863 label 6
999 273205.863 label 7
1000 273476.863 label 8
1001 273747.863 label 9
1002 274018.863 label 10
1003 274289.863 label 11
1004 274560.863 label 12
1005 274831.863 label 13
1006 275102.863 label 14
1007 275373.863 label 15
1008 275644.863 label 0
1009 275915.863 label 1
1010 276186.863 label 2
1011 276457.863 label 3
1012 276728.863 label 4
1013 276999.863 label 5
1014 277270.863 label 6
1015 277541.863 label 7
1016 277812.863 label 8
1017 278083.863 label 9
1018 278354.863 label 10
1019 278625.863 label 11
1020 278896.863 label 12
1021 279167.863 label 13
1022 279438.863 label 14
1023 279709.863 label 15
1024 279980.863 label 0
1025 280251.863 label 1
1026 280522.863 label 2
1027 280793.863 label 3
1028 281064.863 label 4
1029 281335.863 label 5
1030 281606.863 label 6
1031 281877.863 label 7
1032 282148.863 label 8
1033 282419.863 label 9
1034 282690.863 label 10
1035 282961.863 label 11
1036 283232.863 label 12
1037 283503.863 label 13
1038 283774.863 label 14
1039 284045.863 label 15
1040 284316.863 label 0
1041 284587.863 label 1
1042 284858.863 label 2
1043 285129.863 label 3
1044 285400.863 label 4
1045 285671.863 label 5
1046 285942.863 label 6
1047 286213.863 label 7
1048 286484.863 label 8
1049 286755.863 label 9
1050 287026.863 label 10
1051 287297.863 label 11
1052 287568.863 label 12
1053 287839.863 label 13
1054 288110.863 label 14
1055 288381.863 label 15
1056 288652.863 label 0
1057 288923.863 label 1
1058 289194.863 label 2
1059 289465.863 label 3
1060 289736.863 label 4
1061 290007.863 label 5
1062 290278.863 label 6
1063 290549.863 label 7
1064 290820.863 label 8
1065 291091.863 label 9
1066 291362.863 label 10
1067 291633.863 label 11
1068 291904.863 label 12
1069 292175.863 label 13
1070 292446.863 label 14
1071 292717.863 label 15
1072 292988.863 label 0
1073 293259.863 label 1
1074 293530.863 label 2
1075 293801.863 label 3
1076 294072.863 label 4
1077 294343.863 label 5
1078 294614.863 label 6
1079 294885.863 label 7
1080 295156.863 label 8
1081 295427.863 label 9
1082 295698.863 label 10
1083 295969.863 label 11
1084 296240.863 label 12
1085 296511.863 label 13
1086 296782.863 label 14
1087 297053.863 label 15
1088 297324.863 label 0
