0 2704.879 label 0
1 2964.879 label 1
2 3224.879 label 2
3 3484.879 label 3
4 3744.879 label 4
5 4004.879 label 5
6 4264.879 label 6
7 4524.879 label 7
8 4784.879 label 8
9 5044.879 label 9
10 5304.879 label 10
11 5564.879 label 11
12 5824.879 label 12
13 6084.879 label 13
14 6344.879 label 14
15 6604.879 label 15
16 6864.879 label 0
17 7124.879 label 1
18 7384.879 label 2
19 7644.879 label 3
20 7904.879 label 4
21 8164.879 label 5
22 8424.879 label 6
23 8684.879 label 7
24 8944.879 label 8
25 9204.879 label 9
26 9464.879 label 10
27 9724.879 label 11
28 9984.879 label 12
29 10244.879 label 13
30 10504.879 label 14
31 10764.879 label 15
32 11024.879 label 0
33 11284.879 label 1
34 11544.879 label 2
35 11804.879 label 3
36 12064.879 label 4
37 12324.879 label 5
38 12584.879 label 6
39 12844.879 label 7
40 13104.879 label 8
41 13364.879 label 9
42 13624.879 label 10
43 13884.879 label 11
44 14144.879 label 12
45 14404.879 label 13
46 14664.879 label 14
47 14924.879 label 15
48 15184.879 label 0
49 15444.879 label 1
50 15704.879 label 2
51 15964.879 label 3
52 16224.879 label 4
53 16484.879 label 5
54 16744.879 label 6
55 17004.879 label 7
56 17264.879 label 8
57 17524.879 label 9
58 17784.879 label 10
59 18044.879 label 11
60 18304.879 label 12
61 18564.879 label 13
62 18824.879 label 14
63 19084.879 label 15
64 19344.879 label 0
65 19604.879 label 1
66 19864.879 label 2
67 20124.879 label 3
68 20384.879 label 4
69 20644.879 label 5
70 20904.879 label 6
71 21164.879 label 7
72 21424.879 label 8
73 21684.879 label 9
74 21944.879 label 10
75 22204.879 label 11
76 22464.879 label 12
77 22724.879 label 13
78 22984.879 label 14
79 23244.879 label 15
80 23504.879 label 0
81 23764.879 label 1
82 24024.879 label 2
83 24284.879 label 3
84 24544.879 label 4
85 24804.879 label 5
86 25064.879 label 6
87 25324.879 label 7
88 25584.879 label 8
89 25844.879 label 9
90 26104.879 label 10
91 26364.879 label 11
92 26624.879 label 12
93 26884.879 label 13
94 27144.879 label 14
95 27404.879 label 15
96 27664.879 label 0
97 27924.879 label 1
98 28184.879 label 2
99 28444.879 label 3
100 28704.879 label 4
101 28964.879 label 5
102 29224.879 label 6
103 29484.879 label 7
104 29744.879 label 8
105 30004.879 label 9
106 30264.879 label 10
107 30524.879 label 11
108 30784.879 label 12
109 31044.879 label 13
110 31304.879 label 14
111 31564.879 label 15
112 31824.879 label 0
113 32084.879 label 1
114 32344.879 label 2
115 32604.879 label 3
116 32864.879 label 4
117 33124.879 label 5
118 33384.879 label 6
119 33644.879 label 7
120 33904.879 label 8
121 34164.879 label 9
122 34424.879 label 10
123 34684.879 label 11
124 34944.879 label 12
125 35204.879 label 13
126 35464.879 label 14
127 35724.879 label 15
128 35984.879 label 0
129 36244.879 label 1
130 36504.879 label 2
131 36764.879 label 3
132 37024.879 label 4
133 37284.879 label 5
134 37544.879 label 6
135 37804.879 label 7
136 38064.879 label 8
137 38324.879 label 9
138 38584.879 label 10
139 38844.879 label 11
140 39104.879 label 12
141 39364.879 label 13
142 39624.879 label 14
143 39884.879 label 15
144 40144.879 label 0
145 40404.879 label 1
146 40664.879 label 2
147 40924.879 label 3
148 41184.879 label 4
149 41444.879 label 5
150 41704.879 label 6
151 41964.879 label 7
152 42224.879 label 8
153 42484.879 label 9
154 42744.879 label 10
155 43004.879 label 11
156 43264.879 label 12
157 43524.879 label 13
158 43784.879 label 14
159 44044.879 label 15
160 44304.879 label 0
161 44564.879 label 1
162 44824.879 label 2
163 45084.879 label 3
164 45344.879 label 4
165 45604.879 label 5
166 45864.879 label 6
167 46124.879 label 7
168 46384.879 label 8
169 46644.879 label 9
170 46904.879 label 10
171 47164.879 label 11
172 47424.879 label 12
173 47684.879 label 13
174 47944.879 label 14
175 48204.879 label 15
176 48464.879 label 0
177 48724.879 label 1
178 48984.879 label 2
179 49244.879 label 3
180 49504.879 label 4
181 49764.879 label 5
182 50024.879 label 6
183 50284.879 label 7
184 50544.879 label 8
185 50804.879 label 9
186 51064.879 label 10
187 51324.879 label 11
188 51584.879 label 12
189 51844.879 label 13
190 52104.879 label 14
191 52364.879 label 15
192 52624.879 label 0
193 52884.879 label 1
194 53144.879 label 2
195 53404.879 label 3
196 53664.879 label 4
197 53924.879 label 5
198 54184.879 label 6
199 54444.879 label 7
200 54704.879 label 8
201 54964.879 label 9
202 55224.879 label 10
203 55484.879 label 11
204 55744.879 label 12
205 56004.879 label 13
206 56264.879 label 14
207 56524.879 label 15
208 56784.879 label 0
209 57044.879 label 1
210 57304.879 label 2
211 57564.879 label 3
212 57824.879 label 4
213 58084.879 label 5
214 58344.879 label 6
215 58604.879 label 7
216 58864.879 label 8
217 59124.879 label 9
218 59384.879 label 10
219 59644.879 label 11
220 59904.879 label 12
221 60164.879 label 13
222 60424.879 label 14
223 60684.879 label 15
224 60944.879 label 0
225 61204.879 label 1
226 61464.879 label 2
227 61724.879 label 3
228 61984.879 label 4
229 62244.879 label 5
230 62504.879 label 6
231 62764.879 label 7
232 63024.879 label 8
233 63284.879 label 9
234 63544.879 label 10
235 63804.879 label 11
236 64064.879 label 12
237 64324.879 label 13
238 64584.879 label 14
239 64844.879 label 15
240 65104.879 label 0
241 65364.879 label 1
242 65624.879 label 2
243 65884.879 label 3
244 66144.879 label 4
245 66404.879 label 5
246 66664.879 label 6
247 66924.879 label 7
248 67184.879 label 8
249 67444.879 label 9
250 67704.879 label 10
251 67964.879 label 11
252 68224.879 label 12
253 68484.879 label 13
254 68744.879 label 14
255 69004.879 label 15
256 69264.879 label 0
257 69524.879 label 1
258 69784.879 label 2
259 70044.879 label 3
260 70304.879 label 4
261 70564.879 label 5
262 70824.879 label 6
263 71084.879 label 7
264 71344.879 label 8
265 71604.879 label 9
266 71864.879 label 10
267 72124.879 label 11
268 72384.879 label 12
269 72644.879 label 13
270 72904.879 label 14
271 73164.879 label 15
272 73424.879 label 0
273 73684.879 label 1
274 73944.879 label 2
275 74204.879 label 3
276 74464.879 label 4
277 74724.879 label 5
278 74984.879 label 6
279 75244.879 label 7
280 75504.879 label 8
281 75764.879 label 9
282 76024.879 label 10
283 76284.879 label 11
284 76544.879 label 12
285 76804.879 label 13
286 77064.879 label 14
287 77324.879 label 15
288 77584.879 label 0
289 77844.879 label 1
290 78104.879 label 2
291 78364.879 label 3
292 78624.879 label 4
293 78884.879 label 5
294 79144.879 label 6
295 79404.879 label 7
296 79664.879 label 8
297 79924.879 label 9
298 80184.879 label 10
299 80444.879 label 11
300 80704.879 label 12
301 80964.879 label 13
302 81224.879 label 14
303 81484.879 label 15
304 81744.879 label 0
305 82004.879 label 1
306 82264.879 label 2
307 82524.879 label 3
308 82784.879 label 4
309 83044.879 label 5
310 83304.879 label 6
311 83564.879 label 7
312 83824.879 label 8
313 84084.879 label 9
314 84344.879 label 10
315 84604.879 label 11
316 84864.879 label 12
317 85124.879 label 13
318 85384.879 label 14
319 85644.879 label 15
320 85904.879 label 0
321 86164.879 label 1
322 86424.879 label 2
323 86684.879 label 3
324 86944.879 label 4
325 87204.879 label 5
326 87464.879 label 6
327 87724.879 label 7
328 87984.879 label 8
329 88244.879 label 9
330 88504.879 label 10
331 88764.879 label 11
332 89024.879 label 12
333 89284.879 label 13
334 89544.879 label 14
335 89804.879 label 15
336 90064.879 label 0
337 90324.879 label 1
338 90584.879 label 2
339 90844.879 label 3
340 91104.879 label 4
341 91364.879 label 5
342 91624.879 label 6
343 91884.879 label 7
344 92144.879 label 8
345 92404.879 label 9
346 92664.879 label 10
347 92924.879 label 11
348 93184.879 label 12
349 93444.879 label 13
350 93704.879 label 14
351 93964.879 label 15
352 94224.879 label 0
353 94484.879 label 1
354 94744.879 label 2
355 95004.879 label 3
356 95264.879 label 4
357 95524.879 label 5
358 95784.879 label 6
359 96044.879 label 7
360 96304.879 label 8
361 96564.879 label 9
362 96824.879 label 10
363 97084.879 label 11
364 97344.879 label 12
365 97604.879 label 13
366 97864.879 label 14
367 98124.879 label 15
368 98384.879 label 0
369 98644.879 label 1
370 98904.879 label 2
371 99164.879 label 3
372 99424.879 label 4
373 99684.879 label 5
374 99944.879 label 6
375 100204.879 label 7
376 100464.879 label 8
377 100724.879 label 9
378 100984.879 label 10
379 101244.879 label 11
380 101504.879 label 12
381 101764.879 label 13
382 102024.879 label 14
383 102284.879 label 15
384 102544.879 label 0
385 102804.879 label 1
386 103064.879 label 2
387 103324.879 label 3
388 103584.879 label 4
389 103844.879 label 5
390 104104.879 label 6
391 104364.879 label 7
392 104624.879 label 8
393 104884.879 label 9
394 105144.879 label 10
395 105404.879 label 11
396 105664.879 label 12
397 105924.879 label 13
398 106184.879 label 14
399 106444.879 label 15
400 106704.879 label 0
401 106964.879 label 1
402 107224.879 label 2
403 107484.879 label 3
404 107744.879 label 4
405 108004.879 label 5
406 108264.879 label 6
407 108524.879 label 7
408 108784.879 label 8
409 109044.879 label 9
410 109304.879 label 10
411 109564.879 label 11
412 109824.879 label 12
413 110084.879 label 13
414 110344.879 label 14
415 110604.879 label 15
416 110864.879 label 0
417 111124.879 label 1
418 111384.879 label 2
419 111644.879 label 3
420 111904.879 label 4
421 112164.879 label 5
422 112424.879 label 6
423 112684.879 label 7
424 112944.879 label 8
425 113204.879 label 9
426 113464.879 label 10
427 113724.879 label 11
428 113984.879 label 12
429 114244.879 label 13
430 114504.879 label 14
431 114764.879 label 15
432 115024.879 label 0
433 115284.879 label 1
434 115544.879 label 2
435 115804.879 label 3
436 116064.879 label 4
437 116324.879 label 5
438 116584.879 label 6
439 116844.879 label 7
440 117104.879 label 8
441 117364.879 label 9
442 117624.879 label 10
443 117884.879 label 11
444 118144.879 label 12
445 118404.879 label 13
446 118664.879 label 14
447 118924.879 label 15
448 119184.879 label 0
449 119444.879 label 1
450 119704.879 label 2
451 119964.879 label 3
452 120224.879 label 4
453 120484.879 label 5
454 120744.879 label 6
455 121004.879 label 7
456 121264.879 label 8
457 121524.879 label 9
458 121784.879 label 10
459 122044.879 label 11
460 122304.879 label 12
461 122564.879 label 13
462 122824.879 label 14
463 123084.879 label 15
464 123344.879 label 0
465 123604.879 label 1
466 123864.879 label 2
467 124124.879 label 3
468 124384.879 label 4
469 124644.879 label 5
470 124904.879 label 6
471 125164.879 label 7
472 125424.879 label 8
473 125684.879 label 9
474 125944.879 label 10
475 126204.879 label 11
476 126464.879 label 12
477 126724.879 label 13
478 126984.879 label 14
479 127244.879 label 15
480 127504.879 label 0
481 127764.879 label 1
482 128024.879 label 2
483 128284.879 label 3
484 128544.879 label 4
485 128804.879 label 5
486 129064.879 label 6
487 129324.879 label 7
488 129584.879 label 8
489 129844.879 label 9
490 130104.879 label 10
491 130364.879 label 11
492 130624.879 label 12
493 130884.879 label 13
494 131144.879 label 14
495 131404.879 label 15
496 131664.879 label 0
497 131924.879 label 1
498 132184.879 label 2
499 132444.879 label 3
500 132704.879 label 4
501 132964.879 label 5
502 133224.879 label 6
503 133484.879 label 7
504 133744.879 label 8
505 134004.879 label 9
506 134264.879 label 10
507 134524.879 label 11
508 134784.879 label 12
509 135044.879 label 13
510 135304.879 label 14
511 135564.879 label 15
512 135824.879 label 0
513 136084.879 label 1
514 136344.879 label 2
515 136604.879 label 3
516 136864.879 label 4
517 137124.879 label 5
518 137384.879 label 6
519 137644.879 label 7
520 137904.879 label 8
521 138164.879 label 9
522 138424.879 label 10
523 138684.879 label 11
524 138944.879 label 12
525 139204.879 label 13
526 139464.879 label 14
527 139724.879 label 15
528 139984.879 label 0
529 140244.879 label 1
530 140504.879 label 2
531 140764.879 label 3
532 141024.879 label 4
533 141284.879 label 5
534 141544.879 label 6
535 141804.879 label 7
536 142064.879 label 8
537 142324.879 label 9
538 142584.879 label 10
539 142844.879 label 11
540 143104.879 label 12
541 143364.879 label 13
542 143624.879 label 14
543 143884.879 label 15
544 144144.879 label 0
545 144404.879 label 1
546 144664.879 label 2
547 144924.879 label 3
548 145184.879 label 4
549 145444.879 label 5
550 145704.879 label 6
551 145964.879 label 7
552 146224.879 label 8
553 146484.879 label 9
554 146744.879 label 10
555 147004.879 label 11
556 147264.879 label 12
557 147524.879 label 13
558 147784.879 label 14
559 148044.879 label 15
560 148304.879 label 0
561 148564.879 label 1
562 148824.879 label 2
563 149084.879 label 3
564 149344.879 label 4
565 149604.879 label 5
566 149864.879 label 6
567 150124.879 label 7
568 150384.879 label 8
569 150644.879 label 9
570 150904.879 label 10
571 151164.879 label 11
572 151424.879 label 12
573 151684.879 label 13
574 151944.879 label 14
575 152204.879 label 15
576 152464.879 label 0
577 152724.879 label 1
578 152984.879 label 2
579 153244.879 label 3
580 153504.879 label 4
581 153764.879 label 5
582 154024.879 label 6
583 154284.879 label 7
584 154544.879 label 8
585 154804.879 label 9
586 155064.879 label 10
587 155324.879 label 11
588 155584.879 label 12
589 155844.879 label 13
590 156104.879 label 14
591 156364.879 label 15
592 156624.879 label 0
593 156884.879 label 1
594 157144.879 label 2
595 157404.879 label 3
596 157664.879 label 4
597 157924.879 label 5
598 158184.879 label 6
599 158444.879 label 7
600 158704.879 label 8
601 158964.879 label 9
602 159224.879 label 10
603 159484.879 label 11
604 159744.879 label 12
605 160004.879 label 13
606 160264.879 label 14
607 160524.879 label 15
608 160784.879 label 0
609 161044.879 label 1
610 161304.879 label 2
611 161564.879 label 3
612 161824.879 label 4
613 162084.879 label 5
614 162344.879 label 6
615 162604.879 label 7
616 162864.879 label 8
617 163124.879 label 9
618 163384.879 label 10
619 163644.879 label 11
620 163904.879 label 12
621 164164.879 label 13
622 164424.879 label 14
623 164684.879 label 15
624 164944.879 label 0
625 165204.879 label 1
626 165464.879 label 2
627 165724.879 label 3
628 165984.879 label 4
629 166244.879 label 5
630 166504.879 label 6
631 166764.879 label 7
632 167024.879 label 8
633 167284.879 label 9
634 167544.879 label 10
635 167804.879 label 11
636 168064.879 label 12
637 168324.879 label 13
638 168584.879 label 14
639 168844.879 label 15
640 169104.879 label 0
641 169364.879 label 1
642 169624.879 label 2
643 169884.879 label 3
644 170144.879 label 4
645 170404.879 label 5
646 170664.879 label 6
647 170924.879 label 7
648 171184.879 label 8
649 171444.879 label 9
650 171704.879 label 10
651 171964.879 label 11
652 172224.879 label 12
653 172484.879 label 13
654 172744.879 label 14
655 173004.879 label 15
656 173264.879 label 0
657 173524.879 label 1
658 173784.879 label 2
659 174044.879 label 3
660 174304.879 label 4
661 174564.879 label 5
662 174824.879 label 6
663 175084.879 label 7
664 175344.879 label 8
665 175604.879 label 9
666 175864.879 label 10
667 176124.879 label 11
668 176384.879 label 12
669 176644.879 label 13
670 176904.879 label 14
671 177164.879 label 15
672 177424.879 label 0
673 177684.879 label 1
674 177944.879 label 2
675 178204.879 label 3
676 178464.879 label 4
677 178724.879 label 5
678 178984.879 label 6
679 179244.879 label 7
680 179504.879 label 8
681 179764.879 label 9
682 180024.879 label 10
683 180284.879 label 11
684 180544.879 label 12
685 180804.879 label 13
686 181064.879 label 14
687 181324.879 label 15
688 181584.879 label 0
689 181844.879 label 1
690 182104.879 label 2
691 182364.879 label 3
692 182624.879 label 4
693 182884.879 label 5
694 183144.879 label 6
695 183404.879 label 7
696 183664.879 label 8
697 183924.879 label 9
698 184184.879 label 10
699 184444.879 label 11
700 184704.879 label 12
701 184964.879 label 13
702 185224.879 label 14
703 185484.879 label 15
704 185744.879 label 0
705 186004.879 label 1
706 186264.879 label 2
707 186524.879 label 3
708 186784.879 label 4
709 187044.879 label 5
710 187304.879 label 6
711 187564.879 label 7
712 187824.879 label 8
713 188084.879 label 9
714 188344.879 label 10
715 188604.879 label 11
716 188864.879 label 12
717 189124.879 label 13
718 189384.879 label 14
719 189644.879 label 15
720 189904.879 label 0
721 190164.879 label 1
722 190424.879 label 2
723 190684.879 label 3
724 190944.879 label 4
725 191204.879 label 5
726 191464.879 label 6
727 191724.879 label 7
728 191984.879 label 8
729 192244.879 label 9
730 192504.879 label 10
731 192764.879 label 11
732 193024.879 label 12
733 193284.879 label 13
734 193544.879 label 14
735 193804.879 label 15
736 194064.879 label 0
737 194324.879 label 1
738 194584.879 label 2
739 194844.879 label 3
740 195104.879 label 4
741 195364.879 label 5
742 195624.879 label 6
743 195884.879 label 7
744 196144.879 label 8
745 196404.879 label 9
746 196664.879 label 10
747 196924.879 label 11
748 197184.879 label 12
749 197444.879 label 13
750 197704.879 label 14
751 197964.879 label 15
752 198224.879 label 0
753 198484.879 label 1
754 198744.879 label 2
755 199004.879 label 3
756 199264.879 label 4
757 199524.879 label 5
758 199784.879 label 6
759 200044.879 label 7
760 200304.879 label 8
761 200564.879 label 9
762 200824.879 label 10
763 201084.879 label 11
764 201344.879 label 12
765 201604.879 label 13
766 201864.879 label 14
767 202124.879 label 15
768 202384.879 label 0
769 202644.879 label 1
770 202904.879 label 2
771 203164.879 label 3
772 203424.879 label 4
773 203684.879 label 5
774 203944.879 label 6
775 204204.879 label 7
776 204464.879 label 8
777 204724.879 label 9
778 204984.879 label 10
779 205244.879 label 11
780 205504.879 label 12
781 205764.879 label 13
782 206024.879 label 14
783 206284.879 label 15
784 206544.879 label 0
785 206804.879 label 1
786 207064.879 label 2
787 207324.879 label 3
788 207584.879 label 4
789 207844.879 label 5
790 208104.879 label 6
791 208364.879 label 7
792 208624.879 label 8
793 208884.879 label 9
794 209144.879 label 10
795 209404.879 label 11
796 209664.879 label 12
797 209924.879 label 13
798 210184.879 label 14
799 210444.879 label 15
800 210704.879 label 0
801 210964.879 label 1
802 211224.879 label 2
803 211484.879 label 3
804 211744.879 label 4
805 212004.879 label 5
806 212264.879 label 6
807 212524.879 label 7
808 212784.879 label 8
809 213044.879 label 9
810 213304.879 label 10
811 213564.879 label 11
812 213824.879 label 12
813 214084.879 label 13
814 214344.879 label 14
815 214604.879 label 15
816 214864.879 label 0
817 215124.879 label 1
818 215384.879 label 2
819 215644.879 label 3
820 215904.879 label 4
821 216164.879 label 5
822 216424.879 label 6
823 216684.879 label 7
824 216944.879 label 8
825 217204.879 label 9
826 217464.879 label 10
827 217724.879 label 11
828 217984.879 label 12
829 218244.879 label 13
830 218504.879 label 14
831 218764.879 label 15
832 219024.879 label 0
833 219284.879 label 1
834 219544.879 label 2
835 219804.879 label 3
836 220064.879 label 4
837 220324.879 label 5
838 220584.879 label 6
839 220844.879 label 7
840 221104.879 label 8
841 221364.879 label 9
842 221624.879 label 10
843 221884.879 label 11
844 222144.879 label 12
845 222404.879 label 13
846 222664.879 label 14
847 222924.879 label 15
848 223184.879 label 0
849 223444.879 label 1
850 223704.879 label 2
851 223964.879 label 3
852 224224.879 label 4
853 224484.879 label 5
854 224744.879 label 6
855 225004.879 label 7
856 225264.879 label 8
857 225524.879 label 9
858 225784.879 label 10
859 226044.879 label 11
860 226304.879 label 12
861 226564.879 label 13
862 226824.879 label 14
863 227084.879 label 15
864 227344.879 label 0
865 227604.879 label 1
866 227864.879 label 2
867 228124.879 label 3
868 228384.879 label 4
869 228644.879 label 5
870 228904.879 label 6
871 229164.879 label 7
872 229424.879 label 8
873 229684.879 label 9
874 229944.879 label 10
875 230204.879 label 11
876 230464.879 label 12
877 230724.879 label 13
878 230984.879 label 14
879 231244.879 label 15
880 231504.879 label 0
881 231764.879 label 1
882 232024.879 label 2
883 232284.879 label 3
884 232544.879 label 4
885 232804.879 label 5
886 233064.879 label 6
887 233324.879 label 7
888 233584.879 label 8
889 233844.879 label 9
890 234104.879 label 10
891 234364.879 label 11
892 234624.879 label 12
893 234884.879 label 13
894 235144.879 label 14
895 235404.879 label 15
896 235664.879 label 0
897 235924.879 label 1
898 236184.879 label 2
899 236444.879 label 3
900 236704.879 label 4
901 236964.879 label 5
902 237224.879 label 6
903 237484.879 label 7
904 237744.879 label 8
905 238004.879 label 9
906 238264.879 label 10
907 238524.879 label 11
908 238784.879 label 12
909 239044.879 label 13
910 239304.879 label 14
911 239564.879 label 15
912 239824.879 label 0
913 240084.879 label 1
914 240344.879 label 2
915 240604.879 label 3
916 240864.879 label 4
917 241124.879 label 5
918 241384.879 label 6
919 241644.879 label 7
920 241904.879 label 8
921 242164.879 label 9
922 242424.879 label 10
923 242684.879 label 11
924 242944.879 label 12
925 243204.879 label 13
926 243464.879 label 14
927 243724.879 label 15
928 243984.879 label 0
929 244244.879 label 1
930 244504.879 label 2
931 244764.879 label 3
932 245024.879 label 4
933 245284.879 label 5
934 245544.879 label 6
935 245804.879 label 7
936 246064.879 label 8
937 246324.879 label 9
938 246584.879 label 10
939 246844.879 label 11
940 247104.879 label 12
941 247364.879 label 13
942 247624.879 label 14
943 247884.879 label 15
944 248144.879 label 0
945 248404.879 label 1
946 248664.879 label 2
947 248924.879 label 3
948 249184.879 label 4
949 249444.879 label 5
950 249704.879 label 6
951 249964.879 label 7
952 250224.879 label 8
953 250484.879 label 9
954 250744.879 label 10
955 251004.879 label 11
956 251264.879 label 12
957 251524.879 label 13
958 251784.879 label 14
959 252044.879 label 15
960 252304.879 label 0
961 252564.879 label 1
962 252824.879 label 2
963 253084.879 label 3
964 253344.879 label 4
965 253604.879 label 5
966 253864.879 label 6
967 254124.879 label 7
968 254384.879 label 8
969 254644.879 label 9
970 254904.879 label 10
971 255164.879 label 11
972 255424.879 label 12
973 255684.879 label 13
974 255944.879 label 14
975 256204.879 label 15
976 256464.879 label 0
977 256724.879 label 1
978 256984.879 label 2
979 257244.879 label 3
980 257504.879 label 4
981 257764.879 label 5
982 258024.879 label 6
983 258284.879 label 7
984 258544.879 label 8
985 258804.879 label 9
986 259064.879 label 10
987 259324.879 label 11
988 259584.879 label 12
989 259844.879 label 13
990 260104.879 label 14
991 260364.879 label 15
992 260624.879 label 0
993 260884.879 label 1
994 261144.879 label 2
995 261404.879 label 3
996 261664.879 label 4
997 261924.879 label 5
998 262184.879 label 6
999 262444.879 label 7
1000 262704.879 label 8
1001 262964.879 label 9
1002 263224.879 label 10
1003 263484.879 label 11
1004 263744.879 label 12
1005 264004.879 label 13
1006 264264.879 label 14
1007 264524.879 label 15
1008 264784.879 label 0
1009 265044.879 label 1
1010 265304.879 label 2
1011 265564.879 label 3
1012 265824.879 label 4
1013 266084.879 label 5
1014 266344.879 label 6
1015 266604.879 label 7
1016 266864.879 label 8
1017 267124.879 label 9
1018 267384.879 label 10
1019 267644.879 label 11
1020 267904.879 label 12
1021 268164.879 label 13
1022 268424.879 label 14
1023 268684.879 label 15
1024 268944.879 label 0
1025 269204.879 label 1
1026 269464.879 label 2
1027 269724.879 label 3
1028 269984.879 label 4
1029 270244.879 label 5
1030 270504.879 label 6
1031 270764.879 label 7
1032 271024.879 label 8
1033 271284.879 label 9
1034 271544.879 label 10
1035 271804.879 label 11
1036 272064.879 label 12
1037 272324.879 label 13
1038 272584.879 label 14
1039 272844.879 label 15
1040 273104.879 label 0
1041 273364.879 label 1
1042 273624.879 label 2
1043 273884.879 label 3
1044 274144.879 label 4
1045 274404.879 label 5
1046 274664.879 label 6
1047 274924.879 label 7
1048 275184.879 label 8
1049 275444.879 label 9
1050 275704.879 label 10
1051 275964.879 label 11
1052 276224.879 label 12
1053 276484.879 label 13
1054 276744.879 label 14
1055 277004.879 label 15
1056 277264.879 label 0
1057 277524.879 label 1
1058 277784.879 label 2
1059 278044.879 label 3
1060 278304.879 label 4
1061 278564.879 label 5
1062 278824.879 label 6
1063 279084.879 label 7
1064 279344.879 label 8
1065 279604.879 label 9
1066 279864.879 label 10
1067 280124.879 label 11
1068 280384.879 label 12
1069 280644.879 label 13
1070 280904.879 label 14
1071 281164.879 label 15
1072 281424.879 label 0
1073 281684.879 label 1
1074 281944.879 label 2
1075 282204.879 label 3
1076 282464.879 label 4
1077 282724.879 label 5
1078 282984.879 label 6
1079 283244.879 label 7
1080 283504.879 label 8
1081 283764.879 label 9
1082 284024.879 label 10
1083 284284.879 label 11
1084 284544.879 label 12
1085 284804.879 label 13
1086 285064.879 label 14
1087 285324.879 label 15
1088 285584.879 label 0
1089 285844.879 label 1
1090 286104.879 label 2
1091 286364.879 label 3
1092 286624.879 label 4
1093 286884.879 label 5
1094 287144.879 label 6
1095 287404.879 label 7
1096 287664.879 label 8
1097 287924.879 label 9
1098 288184.879 label 10
1099 288444.879 label 11
1100 288704.879 label 12
1101 288964.879 label 13
1102 289224.879 label 14
1103 289484.879 label 15
1104 289744.879 label 0
1105 290004.879 label 1
1106 290264.879 label 2
1107 290524.879 label 3
1108 290784.879 label 4
1109 291044.879 label 5
1110 291304.879 label 6
1111 291564.879 label 7
1112 291824.879 label 8
1113 292084.879 label 9
1114 292344.879 label 10
1115 292604.879 label 11
1116 292864.879 label 12
1117 293124.879 label 13
1118 293384.879 label 14
1119 293644.879 label 15
1120 293904.879 label 0
1121 294164.879 label 1
1122 294424.879 label 2
1123 294684.879 label 3
1124 294944.879 label 4
1125 295204.879 label 5
1126 295464.879 label 6
1127 295724.879 label 7
1128 295984.879 label 8
1129 296244.879 label 9
1130 296504.879 label 10
1131 296764.879 label 11
1132 297024.879 label 12
1133 297284.879 label 13
1134 297544.879 label 14
1135 297804.879 label 15
1136 298064.879 label 0
1137 298324.879 label 1
1138 298584.879 label 2
1139 298844.879 label 3
1140 299104.879 label 4
1141 299364.879 label 5
1142 299624.879 label 6
1143 299884.879 label 7
1144 300144.879 label 8
1145 300404.879 label 9
1146 300664.879 label 10
1147 300924.879 label 11
1148 301184.879 label 12
1149 301444.879 label 13
1150 301704.879 label 14
1151 301964.879 label 15
1152 302224.879 label 0
1153 302484.879 label 1
1154 302744.879 label 2
1155 303004.879 label 3
1156 303264.879 label 4
1157 303524.879 label 5
1158 303784.879 label 6
1159 304044.879 label 7
1160 304304.879 label 8
1161 304564.879 label 9
1162 304824.879 label 10
1163 305084.879 label 11
1164 305344.879 label 12
1165 305604.879 label 13
1166 305864.879 label 14
1167 306124.879 label 15
1168 306384.879 label 0
1169 306644.879 label 1
1170 306904.879 label 2
1171 307164.879 label 3
1172 307424.879 label 4
1173 307684.879 label 5
1174 307944.879 label 6
1175 308204.879 label 7
1176 308464.879 label 8
1177 308724.879 label 9
1178 308984.879 label 10
1179 309244.879 label 11
1180 309504.879 label 12
1181 309764.879 label 13
1182 310024.879 label 14
1183 310284.879 label 15
1184 310544.879 label 0
1185 310804.879 label 1
1186 311064.879 label 2
1187 311324.879 label 3
1188 311584.879 label 4
1189 311844.879 label 5
1190 312104.879 label 6
1191 312364.879 label 7
1192 312624.879 label 8
1193 312884.879 label 9
1194 313144.879 label 10
1195 313404.879 label 11
1196 313664.879 label 12
1197 313924.879 label 13
1198 314184.879 label 14
1199 314444.879 label 15
1200 314704.879 label 0
1201 314964.879 label 1
1202 315224.879 label 2
1203 315484.879 label 3
1204 315744.879 label 4
1205 316004.879 label 5
1206 316264.879 label 6
1207 316524.879 label 7
1208 316784.879 label 8
1209 317044.879 label 9
1210 317304.879 label 10
1211 317564.879 label 11
1212 317824.879 label 12
1213 318084.879 label 13
1214 318344.879 label 14
1215 318604.879 label 15
1216 318864.879 label 0
1217 319124.879 label 1
1218 319384.879 label 2
1219 319644.879 label 3
1220 319904.879 label 4
1221 320164.879 label 5
1222 320424.879 label 6
1223 320684.879 label 7
1224 320944.879 label 8
1225 321204.879 label 9
1226 321464.879 label 10
1227 321724.879 label 11
1228 321984.879 label 12
1229 322244.879 label 13
1230 322504.879 label 14
1231 322764.879 label 15
1232 323024.879 label 0
1233 323284.879 label 1
1234 323544.879 label 2
1235 323804.879 label 3
1236 324064.879 label 4
1237 324324.879 label 5
1238 324584.879 label 6
1239 324844.879 label 7
1240 325104.879 label 8
1241 325364.879 label 9
1242 325624.879 label 10
1243 325884.879 label 11
1244 326144.879 label 12
1245 326404.879 label 13
1246 326664.879 label 14
1247 326924.879 label 15
1248 327184.879 label 0
1249 327444.879 label 1
1250 327704.879 label 2
1251 327964.879 label 3
1252 328224.879 label 4
1253 328484.879 label 5
1254 328744.879 label 6
1255 329004.879 label 7
1256 329264.879 label 8
1257 329524.879 label 9
1258 329784.879 label 10
1259 330044.879 label 11
1260 330304.879 label 12
1261 330564.879 label 13
1262 330824.879 label 14
1263 331084.879 label 15
1264 331344.879 label 0
1265 331604.879 label 1
1266 331864.879 label 2
1267 332124.879 label 3
1268 332384.879 label 4
1269 332644.879 label 5
1270 332904.879 label 6
1271 333164.879 label 7
1272 333424.879 label 8
1273 333684.879 label 9
1274 333944.879 label 10
1275 334204.879 label 11
1276 334464.879 label 12
1277 334724.879 label 13
1278 334984.879 label 14
1279 335244.879 label 15
1280 335504.879 label 0
1281 335764.879 label 1
1282 336024.879 label 2
1283 336284.879 label 3
1284 336544.879 label 4
1285 336804.879 label 5
1286 337064.879 label 6
1287 337324.879 label 7
1288 337584.879 label 8
1289 337844.879 label 9
1290 338104.879 label 10
1291 338364.879 label 11
1292 338624.879 label 12
1293 338884.879 label 13
1294 339144.879 label 14
1295 339404.879 label 15
1296 339664.879 label 0
1297 339924.879 label 1
1298 340184.879 label 2
1299 340444.879 label 3
1300 340704.879 label 4
1301 340964.879 label 5
1302 341224.879 label 6
1303 341484.879 label 7
1304 341744.879 label 8
1305 342004.879 label 9
1306 342264.879 label 10
1307 342524.879 label 11
1308 342784.879 label 12
1309 343044.879 label 13
1310 343304.879 label 14
1311 343564.879 label 15
1312 343824.879 label 0
1313 344084.879 label 1
1314 344344.879 label 2
1315 344604.879 label 3
1316 344864.879 label 4
1317 345124.879 label 5
1318 345384.879 label 6
1319 345644.879 label 7
1320 345904.879 label 8
1321 346164.879 label 9
1322 346424.879 label 10
1323 346684.879 label 11
1324 346944.879 label 12
1325 347204.879 label 13
1326 347464.879 label 14
1327 347724.879 label 15
1328 347984.879 label 0
1329 348244.879 label 1
1330 348504.879 label 2
1331 348764.879 label 3
1332 349024.879 label 4
1333 349284.879 label 5
1334 349544.879 label 6
1335 349804.879 label 7
1336 350064.879 label 8
1337 350324.879 label 9
1338 350584.879 label 10
1339 350844.879 label 11
1340 351104.879 label 12
1341 351364.879 label 13
1342 351624.879 label 14
1343 351884.879 label 15
1344 352144.879 label 0
1345 352404.879 label 1
1346 352664.879 label 2
1347 352924.879 label 3
1348 353184.879 label 4
1349 353444.879 label 5
1350 353704.879 label 6
1351 353964.879 label 7
1352 354224.879 label 8
1353 354484.879 label 9
1354 354744.879 label 10
1355 355004.879 label 11
1356 355264.879 label 12
1357 355524.879 label 13
1358 355784.879 label 14
1359 356044.879 label 15
1360 356304.879 label 0
1361 356564.879 label 1
1362 356824.879 label 2
1363 357084.879 label 3
1364 357344.879 label 4
1365 357604.879 label 5
1366 357864.879 label 6
1367 358124.879 label 7
1368 358384.879 label 8
1369 358644.879 label 9
1370 358904.879 label 10
1371 359164.879 label 11
1372 359424.879 label 12
1373 359684.879 label 13
1374 359944.879 label 14
1375 360204.879 label 15
1376 360464.879 label 0
1377 360724.879 label 1
1378 360984.879 label 2
1379 361244.879 label 3
1380 361504.879 label 4
1381 361764.879 label 5
1382 362024.879 label 6
1383 362284.879 label 7
1384 362544.879 label 8
1385 362804.879 label 9
1386 363064.879 label 10
1387 363324.879 label 11
1388 363584.879 label 12
1389 363844.879 label 13
1390 364104.879 label 14
1391 364364.879 label 15
1392 364624.879 label 0
1393 364884.879 label 1
1394 365144.879 label 2
1395 365404.879 label 3
1396 365664.879 label 4
1397 365924.879 label 5
1398 366184.879 label 6
1399 366444.879 label 7
1400 366704.879 label 8
1401 366964.879 label 9
1402 367224.879 label 10
1403 367484.879 label 11
1404 367744.879 label 12
1405 368004.879 label 13
1406 368264.879 label 14
1407 368524.879 label 15
1408 368784.879 label 0
1409 369044.879 label 1
1410 369304.879 label 2
1411 369564.879 label 3
1412 369824.879 label 4
1413 370084.879 label 5
1414 370344.879 label 6
1415 370604.879 label 7
1416 370864.879 label 8
1417 371124.879 label 9
1418 371384.879 label 10
1419 371644.879 label 11
1420 371904.879 label 12
1421 372164.879 label 13
1422 372424.879 label 14
1423 372684.879 label 15
1424 372944.879 label 0
1425 373204.879 label 1
1426 373464.879 label 2
1427 373724.879 label 3
1428 373984.879 label 4
1429 374244.879 label 5
1430 374504.879 label 6
1431 374764.879 label 7
1432 375024.879 label 8
1433 375284.879 label 9
1434 375544.879 label 10
1435 375804.879 label 11
1436 376064.879 label 12
1437 376324.879 label 13
1438 376584.879 label 14
1439 376844.879 label 15
1440 377104.879 label 0
1441 377364.879 label 1
1442 377624.879 label 2
1443 377884.879 label 3
1444 378144.879 label 4
1445 378404.879 label 5
1446 378664.879 label 6
1447 378924.879 label 7
1448 379184.879 label 8
1449 379444.879 label 9
1450 379704.879 label 10
1451 379964.879 label 11
1452 380224.879 label 12
1453 380484.879 label 13
1454 380744.879 label 14
1455 381004.879 label 15
1456 381264.879 label 0
1457 381524.879 label 1
1458 381784.879 label 2
1459 382044.879 label 3
1460 382304.879 label 4
1461 382564.879 label 5
1462 382824.879 label 6
1463 383084.879 label 7
1464 383344.879 label 8
1465 383604.879 label 9
1466 383864.879 label 10
1467 384124.879 label 11
1468 384384.879 label 12
1469 384644.879 label 13
1470 384904.879 label 14
1471 385164.879 label 15
1472 385424.879 label 0
1473 385684.879 label 1
1474 385944.879 label 2
1475 386204.879 label 3
1476 386464.879 label 4
1477 386724.879 label 5
1478 386984.879 label 6
1479 387244.879 label 7
1480 387504.879 label 8
1481 387764.879 label 9
1482 388024.879 label 10
1483 388284.879 label 11
1484 388544.879 label 12
1485 388804.879 label 13
1486 389064.879 label 14
1487 389324.879 label 15
1488 389584.879 label 0
1489 389844.879 label 1
1490 390104.879 label 2
1491 390364.879 label 3
1492 390624.879 label 4
1493 390884.879 label 5
1494 391144.879 label 6
1495 391404.879 label 7
1496 391664.879 label 8
1497 391924.879 label 9
1498 392184.879 label 10
1499 392444.879 label 11
1500 392704.879 label 12
1501 392964.879 label 13
1502 393224.879 label 14
1503 393484.879 label 15
1504 393744.879 label 0
1505 394004.879 label 1
1506 394264.879 label 2
1507 394524.879 label 3
1508 394784.879 label 4
1509 395044.879 label 5
1510 395304.879 label 6
1511 395564.879 label 7
1512 395824.879 label 8
1513 396084.879 label 9
1514 396344.879 label 10
1515 396604.879 label 11
1516 396864.879 label 12
1517 397124.879 label 13
