0 39707.892 label 0
1 40112.892 label 1
2 40517.892 label 2
3 40922.892 label 3
4 41327.892 label 4
5 41732.892 label 5
6 42137.892 label 6
7 42542.892 label 7
8 42947.892 label 8
9 43352.892 label 9
10 43757.892 label 10
11 44162.892 label 11
12 44567.892 label 12
13 44972.892 label 13
14 45377.892 label 14
15 45782.892 label 15
16 46187.892 label 0
17 46592.892 label 1
18 46997.892 label 2
19 47402.892 label 3
20 47807.892 label 4
21 48212.892 label 5
22 48617.892 label 6
23 49022.892 label 7
24 49427.892 label 8
25 49832.892 label 9
26 50237.892 label 10
27 50642.892 label 11
28 51047.892 label 12
29 51452.892 label 13
30 51857.892 label 14
31 52262.892 label 15
32 52667.892 label 0
33 53072.892 label 1
34 53477.892 label 2
35 53882.892 label 3
36 54287.892 label 4
37 54692.892 label 5
38 55097.892 label 6
39 55502.892 label 7
40 55907.892 label 8
41 56312.892 label 9
42 56717.892 label 10
43 57122.892 label 11
44 57527.892 label 12
45 57932.892 label 13
46 58337.892 label 14
47 58742.892 label 15
48 59147.892 label 0
49 59552.892 label 1
50 59957.892 label 2
51 60362.892 label 3
52 60767.892 label 4
53 61172.892 label 5
54 61577.892 label 6
55 61982.892 label 7
56 62387.892 label 8
57 62792.892 label 9
58 63197.892 label 10
59 63602.892 label 11
60 64007.892 label 12
61 64412.892 label 13
62 64817.892 label 14
63 65222.892 label 15
64 65627.892 label 0
65 66032.892 label 1
66 66437.892 label 2
67 66842.892 label 3
68 67247.892 label 4
69 67652.892 label 5
70 68057.892 label 6
71 68462.892 label 7
72 68867.892 label 8
73 69272.892 label 9
74 69677.892 label 10
75 70082.892 label 11
76 70487.892 label 12
77 70892.892 label 13
78 71297.892 label 14
79 71702.892 label 15
80 72107.892 label 0
81 72512.892 label 1
82 72917.892 label 2
83 73322.892 label 3
84 73727.892 label 4
85 74132.892 label 5
86 74537.892 label 6
87 74942.892 label 7
88 75347.892 label 8
89 75752.892 label 9
90 76157.892 label 10
91 76562.892 label 11
92 76967.892 label 12
93 77372.892 label 13
94 77777.892 label 14
95 78182.892 label 15
96 78587.892 label 0
97 78992.892 label 1
98 79397.892 label 2
99 79802.892 label 3
100 80207.892 label 4
101 80612.892 label 5
102 81017.892 label 6
103 81422.892 label 7
104 81827.892 label 8
105 82232.892 label 9
106 82637.892 label 10
107 83042.892 label 11
108 83447.892 label 12
109 83852.892 label 13
110 84257.892 label 14
111 84662.892 label 15
112 85067.892 label 0
113 85472.892 label 1
114 85877.892 label 2
115 86282.892 label 3
116 86687.892 label 4
117 87092.892 label 5
118 87497.892 label 6
119 87902.892 label 7
120 88307.892 label 8
121 88712.892 label 9
122 89117.892 label 10
123 89522.892 label 11
124 89927.892 label 12
125 90332.892 label 13
126 90737.892 label 14
127 91142.892 label 15
128 91547.892 label 0
129 91952.892 label 1
130 92357.892 label 2
131 92762.892 label 3
132 93167.892 label 4
133 93572.892 label 5
134 93977.892 label 6
135 94382.892 label 7
136 94787.892 label 8
137 95192.892 label 9
138 95597.892 label 10
139 96002.892 label 11
140 96407.892 label 12
141 96812.892 label 13
142 97217.892 label 14
143 97622.892 label 15
144 98027.892 label 0
145 98432.892 label 1
146 98837.892 label 2
147 99242.892 label 3
148 99647.892 label 4
149 100052.892 label 5
150 100457.892 label 6
151 100862.892 label 7
152 101267.892 label 8
153 101672.892 label 9
154 102077.892 label 10
155 102482.892 label 11
156 102887.892 label 12
157 103292.892 label 13
158 103697.892 label 14
159 104102.892 label 15
160 104507.892 label 0
161 104912.892 label 1
162 105317.892 label 2
163 105722.892 label 3
164 106127.892 label 4
165 106532.892 label 5
166 106937.892 label 6
167 107342.892 label 7
168 107747.892 label 8
169 108152.892 label 9
170 108557.892 label 10
171 108962.892 label 11
172 109367.892 label 12
173 109772.892 label 13
174 110177.892 label 14
175 110582.892 label 15
176 110987.892 label 0
177 111392.892 label 1
178 111797.892 label 2
179 112202.892 label 3
180 112607.892 label 4
181 113012.892 label 5
182 113417.892 label 6
183 113822.892 label 7
184 114227.892 label 8
185 114632.892 label 9
186 115037.892 label 10
187 115442.892 label 11
188 115847.892 label 12
189 116252.892 label 13
190 116657.892 label 14
191 117062.892 label 15
192 117467.892 label 0
193 117872.892 label 1
194 118277.892 label 2
195 118682.892 label 3
196 119087.892 label 4
197 119492.892 label 5
198 119897.892 label 6
199 120302.892 label 7
200 120707.892 label 8
201 121112.892 label 9
202 121517.892 label 10
203 121922.892 label 11
204 122327.892 label 12
205 122732.892 label 13
206 123137.892 label 14
207 123542.892 label 15
208 123947.892 label 0
209 124352.892 label 1
210 124757.892 label 2
211 125162.892 label 3
212 125567.892 label 4
213 125972.892 label 5
214 126377.892 label 6
215 126782.892 label 7
216 127187.892 label 8
217 127592.892 label 9
218 127997.892 label 10
219 128402.892 label 11
220 128807.892 label 12
221 129212.892 label 13
222 129617.892 label 14
223 130022.892 label 15
224 130427.892 label 0
225 130832.892 label 1
226 131237.892 label 2
227 131642.892 label 3
228 132047.892 label 4
229 132452.892 label 5
230 132857.892 label 6
231 133262.892 label 7
232 133667.892 label 8
233 134072.892 label 9
234 134477.892 label 10
235 134882.892 label 11
236 135287.892 label 12
237 135692.892 label 13
238 136097.892 label 14
239 136502.892 label 15
240 136907.892 label 0
241 137312.892 label 1
242 137717.892 label 2
243 138122.892 label 3
244 138527.892 label 4
245 138932.892 label 5
246 139337.892 label 6
247 139742.892 label 7
248 140147.892 label 8
249 140552.892 label 9
250 140957.892 label 10
251 141362.892 label 11
252 141767.892 label 12
253 142172.892 label 13
254 142577.892 label 14
255 142982.892 label 15
256 143387.892 label 0
257 143792.892 label 1
258 144197.892 label 2
259 144602.892 label 3
260 145007.892 label 4
261 145412.892 label 5
262 145817.892 label 6
263 146222.892 label 7
264 146627.892 label 8
265 147032.892 label 9
266 147437.892 label 10
267 147842.892 label 11
268 148247.892 label 12
269 148652.892 label 13
270 149057.892 label 14
271 149462.892 label 15
272 149867.892 label 0
273 150272.892 label 1
274 150677.892 label 2
275 151082.892 label 3
276 151487.892 label 4
277 151892.892 label 5
278 152297.892 label 6
279 152702.892 label 7
280 153107.892 label 8
281 153512.892 label 9
282 153917.892 label 10
283 154322.892 label 11
284 154727.892 label 12
285 155132.892 label 13
286 155537.892 label 14
287 155942.892 label 15
288 156347.892 label 0
289 156752.892 label 1
290 157157.892 label 2
291 157562.892 label 3
292 157967.892 label 4
293 158372.892 label 5
294 158777.892 label 6
295 159182.892 label 7
296 159587.892 label 8
297 159992.892 label 9
298 160397.892 label 10
299 160802.892 label 11
300 161207.892 label 12
301 161612.892 label 13
302 162017.892 label 14
303 162422.892 label 15
304 162827.892 label 0
305 163232.892 label 1
306 163637.892 label 2
307 164042.892 label 3
308 164447.892 label 4
309 164852.892 label 5
310 165257.892 label 6
311 165662.892 label 7
312 166067.892 label 8
313 166472.892 label 9
314 166877.892 label 10
315 167282.892 label 11
316 167687.892 label 12
317 168092.892 label 13
318 168497.892 label 14
319 168902.892 label 15
320 169307.892 label 0
321 169712.892 label 1
322 170117.892 label 2
323 170522.892 label 3
324 170927.892 label 4
325 171332.892 label 5
326 171737.892 label 6
327 172142.892 label 7
328 172547.892 label 8
329 172952.892 label 9
330 173357.892 label 10
331 173762.892 label 11
332 174167.892 label 12
333 174572.892 label 13
334 174977.892 label 14
335 175382.892 label 15
336 175787.892 label 0
337 176192.892 label 1
338 176597.892 label 2
339 177002.892 label 3
340 177407.892 label 4
341 177812.892 label 5
342 178217.892 label 6
343 178622.892 label 7
344 179027.892 label 8
345 179432.892 label 9
346 179837.892 label 10
347 180242.892 label 11
348 180647.892 label 12
349 181052.892 label 13
350 181457.892 label 14
351 181862.892 label 15
352 182267.892 label 0
353 182672.892 label 1
354 183077.892 label 2
355 183482.892 label 3
356 183887.892 label 4
357 184292.892 label 5
358 184697.892 label 6
359 185102.892 label 7
360 185507.892 label 8
361 185912.892 label 9
362 186317.892 label 10
363 186722.892 label 11
364 187127.892 label 12
365 187532.892 label 13
366 187937.892 label 14
367 188342.892 label 15
368 188747.892 label 0
369 189152.892 label 1
370 189557.892 label 2
371 189962.892 label 3
372 190367.892 label 4
373 190772.892 label 5
374 191177.892 label 6
375 191582.892 label 7
376 191987.892 label 8
377 192392.892 label 9
378 192797.892 label 10
379 193202.892 label 11
380 193607.892 label 12
381 194012.892 label 13
382 194417.892 label 14
383 194822.892 label 15
384 195227.892 label 0
385 195632.892 label 1
386 196037.892 label 2
387 196442.892 label 3
388 196847.892 label 4
389 197252.892 label 5
390 197657.892 label 6
391 198062.892 label 7
392 198467.892 label 8
393 198872.892 label 9
394 199277.892 label 10
395 199682.892 label 11
396 200087.892 label 12
397 200492.892 label 13
398 200897.892 label 14
399 201302.892 label 15
400 201707.892 label 0
401 202112.892 label 1
402 202517.892 label 2
403 202922.892 label 3
404 203327.892 label 4
405 203732.892 label 5
406 204137.892 label 6
407 204542.892 label 7
408 204947.892 label 8
409 205352.892 label 9
