0 3984.930 label 0
1 4260.930 label 1
2 4536.930 label 2
3 4812.930 label 3
4 5088.930 label 4
5 5364.930 label 5
6 5640.930 label 6
7 5916.930 label 7
8 6192.930 label 8
9 6468.930 label 9
10 6744.930 label 10
11 7020.930 label 11
12 7296.930 label 12
13 7572.930 label 13
14 7848.930 label 14
15 8124.930 label 15
16 8400.930 label 0
17 8676.930 label 1
18 8952.930 label 2
19 9228.930 label 3
20 9504.930 label 4
21 9780.930 label 5
22 10056.930 label 6
23 10332.930 label 7
24 10608.930 label 8
25 10884.930 label 9
26 11160.930 label 10
27 11436.930 label 11
28 11712.930 label 12
29 11988.930 label 13
30 12264.930 label 14
31 12540.930 label 15
32 12816.930 label 0
33 13092.930 label 1
34 13368.930 label 2
35 13644.930 label 3
36 13920.930 label 4
37 14196.930 label 5
38 14472.930 label 6
39 14748.930 label 7
40 15024.930 label 8
41 15300.930 label 9
42 15576.930 label 10
43 15852.930 label 11
44 16128.930 label 12
45 16404.930 label 13
46 16680.930 label 14
47 16956.930 label 15
48 17232.930 label 0
49 17508.930 label 1
50 17784.930 label 2
51 18060.930 label 3
52 18336.930 label 4
53 18612.930 label 5
54 18888.930 label 6
55 19164.930 label 7
56 19440.930 label 8
57 19716.930 label 9
58 19992.930 label 10
59 20268.930 label 11
60 20544.930 label 12
61 20820.930 label 13
62 21096.930 label 14
63 21372.930 label 15
64 21648.930 label 0
65 21924.930 label 1
66 22200.930 label 2
67 22476.930 label 3
68 22752.930 label 4
69 23028.930 label 5
70 23304.930 label 6
71 23580.930 label 7
72 23856.930 label 8
73 24132.930 label 9
74 24408.930 label 10
75 24684.930 label 11
76 24960.930 label 12
77 25236.930 label 13
78 25512.930 label 14
79 25788.930 label 15
80 26064.930 label 0
81 26340.930 label 1
82 26616.930 label 2
83 26892.930 label 3
84 27168.930 label 4
85 27444.930 label 5
86 27720.930 label 6
87 27996.930 label 7
88 28272.930 label 8
89 28548.930 label 9
90 28824.930 label 10
91 29100.930 label 11
92 29376.930 label 12
93 29652.930 label 13
94 29928.930 label 14
95 30204.930 label 15
96 30480.930 label 0
97 30756.930 label 1
98 31032.930 label 2
99 31308.930 label 3
100 31584.930 label 4
101 31860.930 label 5
102 32136.930 label 6
103 32412.930 label 7
104 32688.930 label 8
105 32964.930 label 9
106 33240.930 label 10
107 33516.930 label 11
108 33792.930 label 12
109 34068.930 label 13
110 34344.930 label 14
111 34620.930 label 15
112 34896.930 label 0
113 35172.930 label 1
114 35448.930 label 2
115 35724.930 label 3
116 36000.930 label 4
117 36276.930 label 5
118 36552.930 label 6
119 36828.930 label 7
120 37104.930 label 8
121 37380.930 label 9
122 37656.930 label 10
123 37932.930 label 11
124 38208.930 label 12
125 38484.930 label 13
126 38760.930 label 14
127 39036.930 label 15
128 39312.930 label 0
129 39588.930 label 1
130 39864.930 label 2
131 40140.930 label 3
132 40416.930 label 4
133 40692.930 label 5
134 40968.930 label 6
135 41244.930 label 7
136 41520.930 label 8
137 41796.930 label 9
138 42072.930 label 10
139 42348.930 label 11
140 42624.930 label 12
141 42900.930 label 13
142 43176.930 label 14
143 43452.930 label 15
144 43728.930 label 0
145 44004.930 label 1
146 44280.930 label 2
147 44556.930 label 3
148 44832.930 label 4
149 45108.930 label 5
150 45384.930 label 6
151 45660.930 label 7
152 45936.930 label 8
153 46212.930 label 9
154 46488.930 label 10
155 46764.930 label 11
156 47040.930 label 12
157 47316.930 label 13
158 47592.930 label 14
159 47868.930 label 15
160 48144.930 label 0
161 48420.930 label 1
162 48696.930 label 2
163 48972.930 label 3
164 49248.930 label 4
165 49524.930 label 5
166 49800.930 label 6
167 50076.930 label 7
168 50352.930 label 8
169 50628.930 label 9
170 50904.930 label 10
171 51180.930 label 11
172 51456.930 label 12
173 51732.930 label 13
174 52008.930 label 14
175 52284.930 label 15
176 52560.930 label 0
177 52836.930 label 1
178 53112.930 label 2
179 53388.930 label 3
180 53664.930 label 4
181 53940.930 label 5
182 54216.930 label 6
183 54492.930 label 7
184 54768.930 label 8
185 55044.930 label 9
186 55320.930 label 10
187 55596.930 label 11
188 55872.930 label 12
189 56148.930 label 13
190 56424.930 label 14
191 56700.930 label 15
192 56976.930 label 0
193 57252.930 label 1
194 57528.930 label 2
195 57804.930 label 3
196 58080.930 label 4
197 58356.930 label 5
198 58632.930 label 6
199 58908.930 label 7
200 59184.930 label 8
201 59460.930 label 9
202 59736.930 label 10
203 60012.930 label 11
204 60288.930 label 12
205 60564.930 label 13
206 60840.930 label 14
207 61116.930 label 15
208 61392.930 label 0
209 61668.930 label 1
210 61944.930 label 2
211 62220.930 label 3
212 62496.930 label 4
213 62772.930 label 5
214 63048.930 label 6
215 63324.930 label 7
216 63600.930 label 8
217 63876.930 label 9
218 64152.930 label 10
219 64428.930 label 11
220 64704.930 label 12
221 64980.930 label 13
222 65256.930 label 14
223 65532.930 label 15
224 65808.930 label 0
225 66084.930 label 1
226 66360.930 label 2
227 66636.930 label 3
228 66912.930 label 4
229 67188.930 label 5
230 67464.930 label 6
231 67740.930 label 7
232 68016.930 label 8
233 68292.930 label 9
234 68568.930 label 10
235 68844.930 label 11
236 69120.930 label 12
237 69396.930 label 13
238 69672.930 label 14
239 69948.930 label 15
240 70224.930 label 0
241 70500.930 label 1
242 70776.930 label 2
243 71052.930 label 3
244 71328.930 label 4
245 71604.930 label 5
246 71880.930 label 6
247 72156.930 label 7
248 72432.930 label 8
249 72708.930 label 9
250 72984.930 label 10
251 73260.930 label 11
252 73536.930 label 12
253 73812.930 label 13
254 74088.930 label 14
255 74364.930 label 15
256 74640.930 label 0
257 74916.930 label 1
258 75192.930 label 2
259 75468.930 label 3
260 75744.930 label 4
261 76020.930 label 5
262 76296.930 label 6
263 76572.930 label 7
264 76848.930 label 8
265 77124.930 label 9
266 77400.930 label 10
267 77676.930 label 11
268 77952.930 label 12
269 78228.930 label 13
270 78504.930 label 14
271 78780.930 label 15
272 79056.930 label 0
273 79332.930 label 1
274 79608.930 label 2
275 79884.930 label 3
276 80160.930 label 4
277 80436.930 label 5
278 80712.930 label 6
279 80988.930 label 7
280 81264.930 label 8
281 81540.930 label 9
282 81816.930 label 10
283 82092.930 label 11
284 82368.930 label 12
285 82644.930 label 13
286 82920.930 label 14
287 83196.930 label 15
288 83472.930 label 0
289 83748.930 label 1
290 84024.930 label 2
291 84300.930 label 3
292 84576.930 label 4
293 84852.930 label 5
294 85128.930 label 6
295 85404.930 label 7
296 85680.930 label 8
297 85956.930 label 9
298 86232.930 label 10
299 86508.930 label 11
300 86784.930 label 12
301 87060.930 label 13
302 87336.930 label 14
303 87612.930 label 15
304 87888.930 label 0
305 88164.930 label 1
306 88440.930 label 2
307 88716.930 label 3
308 88992.930 label 4
309 89268.930 label 5
310 89544.930 label 6
311 89820.930 label 7
312 90096.930 label 8
313 90372.930 label 9
314 90648.930 label 10
315 90924.930 label 11
316 91200.930 label 12
317 91476.930 label 13
318 91752.930 label 14
319 92028.930 label 15
320 92304.930 label 0
321 92580.930 label 1
322 92856.930 label 2
323 93132.930 label 3
324 93408.930 label 4
325 93684.930 label 5
326 93960.930 label 6
327 94236.930 label 7
328 94512.930 label 8
329 94788.930 label 9
330 95064.930 label 10
331 95340.930 label 11
332 95616.930 label 12
333 95892.930 label 13
334 96168.930 label 14
335 96444.930 label 15
336 96720.930 label 0
337 96996.930 label 1
338 97272.930 label 2
339 97548.930 label 3
340 97824.930 label 4
341 98100.930 label 5
342 98376.930 label 6
343 98652.930 label 7
344 98928.930 label 8
345 99204.930 label 9
346 99480.930 label 10
347 99756.930 label 11
348 100032.930 label 12
349 100308.930 label 13
350 100584.930 label 14
351 100860.930 label 15
352 101136.930 label 0
353 101412.930 label 1
354 101688.930 label 2
355 101964.930 label 3
356 102240.930 label 4
357 102516.930 label 5
358 102792.930 label 6
359 103068.930 label 7
360 103344.930 label 8
361 103620.930 label 9
362 103896.930 label 10
363 104172.930 label 11
364 104448.930 label 12
365 104724.930 label 13
366 105000.930 label 14
367 105276.930 label 15
368 105552.930 label 0
369 105828.930 label 1
370 106104.930 label 2
371 106380.930 label 3
372 106656.930 label 4
373 106932.930 label 5
374 107208.930 label 6
375 107484.930 label 7
376 107760.930 label 8
377 108036.930 label 9
378 108312.930 label 10
379 108588.930 label 11
380 108864.930 label 12
381 109140.930 label 13
382 109416.930 label 14
383 109692.930 label 15
384 109968.930 label 0
385 110244.930 label 1
386 110520.930 label 2
387 110796.930 label 3
388 111072.930 label 4
389 111348.930 label 5
390 111624.930 label 6
391 111900.930 label 7
392 112176.930 label 8
393 112452.930 label 9
394 112728.930 label 10
395 113004.930 label 11
396 113280.930 label 12
397 113556.930 label 13
398 113832.930 label 14
399 114108.930 label 15
400 114384.930 label 0
401 114660.930 label 1
402 114936.930 label 2
403 115212.930 label 3
404 115488.930 label 4
405 115764.930 label 5
406 116040.930 label 6
407 116316.930 label 7
408 116592.930 label 8
409 116868.930 label 9
410 117144.930 label 10
411 117420.930 label 11
412 117696.930 label 12
413 117972.930 label 13
414 118248.930 label 14
415 118524.930 label 15
416 118800.930 label 0
417 119076.930 label 1
418 119352.930 label 2
419 119628.930 label 3
420 119904.930 label 4
421 120180.930 label 5
422 120456.930 label 6
423 120732.930 label 7
424 121008.930 label 8
425 121284.930 label 9
426 121560.930 label 10
427 121836.930 label 11
428 122112.930 label 12
429 122388.930 label 13
430 122664.930 label 14
431 122940.930 label 15
432 123216.930 label 0
433 123492.930 label 1
434 123768.930 label 2
435 124044.930 label 3
436 124320.930 label 4
437 124596.930 label 5
438 124872.930 label 6
439 125148.930 label 7
440 125424.930 label 8
441 125700.930 label 9
442 125976.930 label 10
443 126252.930 label 11
444 126528.930 label 12
445 126804.930 label 13
446 127080.930 label 14
447 127356.930 label 15
448 127632.930 label 0
449 127908.930 label 1
450 128184.930 label 2
451 128460.930 label 3
452 128736.930 label 4
453 129012.930 label 5
454 129288.930 label 6
455 129564.930 label 7
456 129840.930 label 8
457 130116.930 label 9
458 130392.930 label 10
459 130668.930 label 11
460 130944.930 label 12
461 131220.930 label 13
462 131496.930 label 14
463 131772.930 label 15
464 132048.930 label 0
465 132324.930 label 1
466 132600.930 label 2
467 132876.930 label 3
468 133152.930 label 4
469 133428.930 label 5
470 133704.930 label 6
471 133980.930 label 7
472 134256.930 label 8
473 134532.930 label 9
474 134808.930 label 10
475 135084.930 label 11
476 135360.930 label 12
477 135636.930 label 13
478 135912.930 label 14
479 136188.930 label 15
480 136464.930 label 0
481 136740.930 label 1
482 137016.930 label 2
483 137292.930 label 3
484 137568.930 label 4
485 137844.930 label 5
486 138120.930 label 6
487 138396.930 label 7
488 138672.930 label 8
489 138948.930 label 9
490 139224.930 label 10
491 139500.930 label 11
492 139776.930 label 12
493 140052.930 label 13
494 140328.930 label 14
495 140604.930 label 15
496 140880.930 label 0
497 141156.930 label 1
498 141432.930 label 2
499 141708.930 label 3
500 141984.930 label 4
501 142260.930 label 5
502 142536.930 label 6
503 142812.930 label 7
504 143088.930 label 8
505 143364.930 label 9
506 143640.930 label 10
507 143916.930 label 11
508 144192.930 label 12
509 144468.930 label 13
510 144744.930 label 14
511 145020.930 label 15
512 145296.930 label 0
513 145572.930 label 1
514 145848.930 label 2
515 146124.930 label 3
516 146400.930 label 4
517 146676.930 label 5
518 146952.930 label 6
519 147228.930 label 7
520 147504.930 label 8
521 147780.930 label 9
522 148056.930 label 10
523 148332.930 label 11
524 148608.930 label 12
525 148884.930 label 13
526 149160.930 label 14
527 149436.930 label 15
528 149712.930 label 0
529 149988.930 label 1
530 150264.930 label 2
531 150540.930 label 3
532 150816.930 label 4
533 151092.930 label 5
534 151368.930 label 6
535 151644.930 label 7
536 151920.930 label 8
537 152196.930 label 9
538 152472.930 label 10
539 152748.930 label 11
540 153024.930 label 12
541 153300.930 label 13
542 153576.930 label 14
543 153852.930 label 15
544 154128.930 label 0
545 154404.930 label 1
546 154680.930 label 2
547 154956.930 label 3
548 155232.930 label 4
549 155508.930 label 5
550 155784.930 label 6
551 156060.930 label 7
552 156336.930 label 8
553 156612.930 label 9
554 156888.930 label 10
555 157164.930 label 11
556 157440.930 label 12
557 157716.930 label 13
558 157992.930 label 14
559 158268.930 label 15
560 158544.930 label 0
561 158820.930 label 1
562 159096.930 label 2
563 159372.930 label 3
564 159648.930 label 4
565 159924.930 label 5
566 160200.930 label 6
567 160476.930 label 7
568 160752.930 label 8
569 161028.930 label 9
570 161304.930 label 10
571 161580.930 label 11
572 161856.930 label 12
573 162132.930 label 13
574 162408.930 label 14
575 162684.930 label 15
576 162960.930 label 0
577 163236.930 label 1
578 163512.930 label 2
579 163788.930 label 3
580 164064.930 label 4
581 164340.930 label 5
582 164616.930 label 6
583 164892.930 label 7
584 165168.930 label 8
585 165444.930 label 9
586 165720.930 label 10
587 165996.930 label 11
588 166272.930 label 12
589 166548.930 label 13
590 166824.930 label 14
591 167100.930 label 15
592 167376.930 label 0
593 167652.930 label 1
594 167928.930 label 2
595 168204.930 label 3
596 168480.930 label 4
597 168756.930 label 5
598 169032.930 label 6
599 169308.930 label 7
600 169584.930 label 8
601 169860.930 label 9
602 170136.930 label 10
603 170412.930 label 11
604 170688.930 label 12
605 170964.930 label 13
606 171240.930 label 14
607 171516.930 label 15
608 171792.930 label 0
609 172068.930 label 1
610 172344.930 label 2
611 172620.930 label 3
612 172896.930 label 4
613 173172.930 label 5
614 173448.930 label 6
615 173724.930 label 7
616 174000.930 label 8
617 174276.930 label 9
618 174552.930 label 10
619 174828.930 label 11
620 175104.930 label 12
621 175380.930 label 13
622 175656.930 label 14
623 175932.930 label 15
624 176208.930 label 0
625 176484.930 label 1
626 176760.930 label 2
627 177036.930 label 3
628 177312.930 label 4
629 177588.930 label 5
630 177864.930 label 6
631 178140.930 label 7
632 178416.930 label 8
633 178692.930 label 9
634 178968.930 label 10
635 179244.930 label 11
636 179520.930 label 12
637 179796.930 label 13
638 180072.930 label 14
639 180348.930 label 15
640 180624.930 label 0
641 180900.930 label 1
642 181176.930 label 2
643 181452.930 label 3
644 181728.930 label 4
645 182004.930 label 5
646 182280.930 label 6
647 182556.930 label 7
648 182832.930 label 8
649 183108.930 label 9
650 183384.930 label 10
651 183660.930 label 11
652 183936.930 label 12
653 184212.930 label 13
654 184488.930 label 14
655 184764.930 label 15
656 185040.930 label 0
657 185316.930 label 1
658 185592.930 label 2
659 185868.930 label 3
660 186144.930 label 4
661 186420.930 label 5
662 186696.930 label 6
663 186972.930 label 7
664 187248.930 label 8
665 187524.930 label 9
666 187800.930 label 10
667 188076.930 label 11
668 188352.930 label 12
669 188628.930 label 13
670 188904.930 label 14
671 189180.930 label 15
672 189456.930 label 0
673 189732.930 label 1
674 190008.930 label 2
675 190284.930 label 3
676 190560.930 label 4
677 190836.930 label 5
678 191112.930 label 6
679 191388.930 label 7
680 191664.930 label 8
681 191940.930 label 9
682 192216.930 label 10
683 192492.930 label 11
684 192768.930 label 12
685 193044.930 label 13
686 193320.930 label 14
687 193596.930 label 15
688 193872.930 label 0
689 194148.930 label 1
690 194424.930 label 2
691 194700.930 label 3
692 194976.930 label 4
693 195252.930 label 5
694 195528.930 label 6
695 195804.930 label 7
696 196080.930 label 8
697 196356.930 label 9
698 196632.930 label 10
699 196908.930 label 11
700 197184.930 label 12
701 197460.930 label 13
702 197736.930 label 14
703 198012.930 label 15
704 198288.930 label 0
705 198564.930 label 1
706 198840.930 label 2
707 199116.930 label 3
708 199392.930 label 4
709 199668.930 label 5
710 199944.930 label 6
711 200220.930 label 7
712 200496.930 label 8
713 200772.930 label 9
714 201048.930 label 10
715 201324.930 label 11
716 201600.930 label 12
717 201876.930 label 13
718 202152.930 label 14
719 202428.930 label 15
720 202704.930 label 0
721 202980.930 label 1
722 203256.930 label 2
723 203532.930 label 3
724 203808.930 label 4
725 204084.930 label 5
726 204360.930 label 6
727 204636.930 label 7
728 204912.930 label 8
729 205188.930 label 9
730 205464.930 label 10
731 205740.930 label 11
732 206016.930 label 12
733 206292.930 label 13
734 206568.930 label 14
735 206844.930 label 15
736 207120.930 label 0
737 207396.930 label 1
738 207672.930 label 2
739 207948.930 label 3
740 208224.930 label 4
741 208500.930 label 5
742 208776.930 label 6
743 209052.930 label 7
744 209328.930 label 8
745 209604.930 label 9
746 209880.930 label 10
747 210156.930 label 11
748 210432.930 label 12
749 210708.930 label 13
750 210984.930 label 14
751 211260.930 label 15
752 211536.930 label 0
753 211812.930 label 1
754 212088.930 label 2
755 212364.930 label 3
756 212640.930 label 4
757 212916.930 label 5
758 213192.930 label 6
759 213468.930 label 7
760 213744.930 label 8
761 214020.930 label 9
762 214296.930 label 10
763 214572.930 label 11
764 214848.930 label 12
765 215124.930 label 13
766 215400.930 label 14
767 215676.930 label 15
768 215952.930 label 0
769 216228.930 label 1
770 216504.930 label 2
771 216780.930 label 3
772 217056.930 label 4
773 217332.930 label 5
774 217608.930 label 6
775 217884.930 label 7
776 218160.930 label 8
777 218436.930 label 9
778 218712.930 label 10
779 218988.930 label 11
780 219264.930 label 12
781 219540.930 label 13
782 219816.930 label 14
783 220092.930 label 15
784 220368.930 label 0
785 220644.930 label 1
786 220920.930 label 2
787 221196.930 label 3
788 221472.930 label 4
789 221748.930 label 5
790 222024.930 label 6
791 222300.930 label 7
792 222576.930 label 8
793 222852.930 label 9
794 223128.930 label 10
795 223404.930 label 11
796 223680.930 label 12
797 223956.930 label 13
798 224232.930 label 14
799 224508.930 label 15
800 224784.930 label 0
801 225060.930 label 1
802 225336.930 label 2
803 225612.930 label 3
804 225888.930 label 4
805 226164.930 label 5
806 226440.930 label 6
807 226716.930 label 7
808 226992.930 label 8
809 227268.930 label 9
810 227544.930 label 10
811 227820.930 label 11
812 228096.930 label 12
813 228372.930 label 13
814 228648.930 label 14
815 228924.930 label 15
816 229200.930 label 0
817 229476.930 label 1
818 229752.930 label 2
819 230028.930 label 3
820 230304.930 label 4
821 230580.930 label 5
822 230856.930 label 6
823 231132.930 label 7
824 231408.930 label 8
825 231684.930 label 9
826 231960.930 label 10
827 232236.930 label 11
828 232512.930 label 12
829 232788.930 label 13
830 233064.930 label 14
831 233340.930 label 15
832 233616.930 label 0
833 233892.930 label 1
834 234168.930 label 2
835 234444.930 label 3
836 234720.930 label 4
837 234996.930 label 5
838 235272.930 label 6
839 235548.930 label 7
840 235824.930 label 8
841 236100.930 label 9
842 236376.930 label 10
843 236652.930 label 11
844 236928.930 label 12
845 237204.930 label 13
846 237480.930 label 14
847 237756.930 label 15
848 238032.930 label 0
849 238308.930 label 1
850 238584.930 label 2
851 238860.930 label 3
852 239136.930 label 4
853 239412.930 label 5
854 239688.930 label 6
855 239964.930 label 7
856 240240.930 label 8
857 240516.930 label 9
858 240792.930 label 10
859 241068.930 label 11
860 241344.930 label 12
861 241620.930 label 13
862 241896.930 label 14
863 242172.930 label 15
864 242448.930 label 0
865 242724.930 label 1
866 243000.930 label 2
867 243276.930 label 3
868 243552.930 label 4
869 243828.930 label 5
870 244104.930 label 6
871 244380.930 label 7
872 244656.930 label 8
873 244932.930 label 9
874 245208.930 label 10
875 245484.930 label 11
876 245760.930 label 12
877 246036.930 label 13
878 246312.930 label 14
879 246588.930 label 15
880 246864.930 label 0
881 247140.930 label 1
882 247416.930 label 2
883 247692.930 label 3
884 247968.930 label 4
885 248244.930 label 5
886 248520.930 label 6
887 248796.930 label 7
888 249072.930 label 8
889 249348.930 label 9
890 249624.930 label 10
891 249900.930 label 11
892 250176.930 label 12
893 250452.930 label 13
894 250728.930 label 14
895 251004.930 label 15
896 251280.930 label 0
897 251556.930 label 1
898 251832.930 label 2
899 252108.930 label 3
900 252384.930 label 4
901 252660.930 label 5
902 252936.930 label 6
903 253212.930 label 7
904 253488.930 label 8
905 253764.930 label 9
906 254040.930 label 10
907 254316.930 label 11
908 254592.930 label 12
909 254868.930 label 13
910 255144.930 label 14
911 255420.930 label 15
912 255696.930 label 0
913 255972.930 label 1
914 256248.930 label 2
915 256524.930 label 3
916 256800.930 label 4
917 257076.930 label 5
918 257352.930 label 6
919 257628.930 label 7
920 257904.930 label 8
921 258180.930 label 9
922 258456.930 label 10
923 258732.930 label 11
924 259008.930 label 12
925 259284.930 label 13
926 259560.930 label 14
927 259836.930 label 15
928 260112.930 label 0
929 260388.930 label 1
930 260664.930 label 2
931 260940.930 label 3
932 261216.930 label 4
933 261492.930 label 5
934 261768.930 label 6
935 262044.930 label 7
936 262320.930 label 8
937 262596.930 label 9
938 262872.930 label 10
939 263148.930 label 11
940 263424.930 label 12
941 263700.930 label 13
942 263976.930 label 14
943 264252.930 label 15
944 264528.930 label 0
945 264804.930 label 1
946 265080.930 label 2
947 265356.930 label 3
948 265632.930 label 4
949 265908.930 label 5
950 266184.930 label 6
951 266460.930 label 7
952 266736.930 label 8
953 267012.930 label 9
954 267288.930 label 10
955 267564.930 label 11
956 267840.930 label 12
957 268116.930 label 13
958 268392.930 label 14
959 268668.930 label 15
960 268944.930 label 0
961 269220.930 label 1
962 269496.930 label 2
963 269772.930 label 3
964 270048.930 label 4
965 270324.930 label 5
966 270600.930 label 6
967 270876.930 label 7
968 271152.930 label 8
969 271428.930 label 9
970 271704.930 label 10
971 271980.930 label 11
972 272256.930 label 12
973 272532.930 label 13
974 272808.930 label 14
975 273084.930 label 15
976 273360.930 label 0
977 273636.930 label 1
978 273912.930 label 2
979 274188.930 label 3
980 274464.930 label 4
981 274740.930 label 5
982 275016.930 label 6
983 275292.930 label 7
984 275568.930 label 8
985 275844.930 label 9
986 276120.930 label 10
987 276396.930 label 11
988 276672.930 label 12
989 276948.930 label 13
990 277224.930 label 14
991 277500.930 label 15
992 277776.930 label 0
993 278052.930 label 1
994 278328.930 label 2
995 278604.930 label 3
996 278880.930 label 4
997 279156.930 label 5
998 279432.930 label 6
999 279708.930 label 7
1000 279984.930 label 8
1001 280260.930 label 9
1002 280536.930 label 10
1003 280812.930 label 11
1004 281088.930 label 12
1005 281364.930 label 13
1006 281640.930 label 14
1007 281916.930 label 15
1008 282192.930 label 0
1009 282468.930 label 1
1010 282744.930 label 2
1011 283020.930 label 3
1012 283296.930 label 4
1013 283572.930 label 5
1014 283848.930 label 6
1015 284124.930 label 7
1016 284400.930 label 8
1017 284676.930 label 9
1018 284952.930 label 10
1019 285228.930 label 11
1020 285504.930 label 12
1021 285780.930 label 13
1022 286056.930 label 14
1023 286332.930 label 15
1024 286608.930 label 0
1025 286884.930 label 1
1026 287160.930 label 2
1027 287436.930 label 3
1028 287712.930 label 4
1029 287988.930 label 5
1030 288264.930 label 6
1031 288540.930 label 7
1032 288816.930 label 8
1033 289092.930 label 9
1034 289368.930 label 10
1035 289644.930 label 11
1036 289920.930 label 12
1037 290196.930 label 13
1038 290472.930 label 14
1039 290748.930 label 15
1040 291024.930 label 0
1041 291300.930 label 1
1042 291576.930 label 2
1043 291852.930 label 3
1044 292128.930 label 4
1045 292404.930 label 5
1046 292680.930 label 6
1047 292956.930 label 7
1048 293232.930 label 8
1049 293508.930 label 9
1050 293784.930 label 10
1051 294060.930 label 11
1052 294336.930 label 12
1053 294612.930 label 13
1054 294888.930 label 14
1055 295164.930 label 15
1056 295440.930 label 0
1057 295716.930 label 1
