0 2382.950 label 0
1 2665.950 label 1
2 2948.950 label 2
3 3231.950 label 3
4 3514.950 label 4
5 3797.950 label 5
6 4080.950 label 6
7 4363.950 label 7
8 4646.950 label 8
9 4929.950 label 9
10 5212.950 label 10
11 5495.950 label 11
12 5778.950 label 12
13 6061.950 label 13
14 6344.950 label 14
15 6627.950 label 15
16 6910.950 label 0
17 7193.950 label 1
18 7476.950 label 2
19 7759.950 label 3
20 8042.950 label 4
21 8325.950 label 5
22 8608.950 label 6
23 8891.950 label 7
24 9174.950 label 8
25 9457.950 label 9
26 9740.950 label 10
27 10023.950 label 11
28 10306.950 label 12
29 10589.950 label 13
30 10872.950 label 14
31 11155.950 label 15
32 11438.950 label 0
33 11721.950 label 1
34 12004.950 label 2
35 12287.950 label 3
36 12570.950 label 4
37 12853.950 label 5
38 13136.950 label 6
39 13419.950 label 7
40 13702.950 label 8
41 13985.950 label 9
42 14268.950 label 10
43 14551.950 label 11
44 14834.950 label 12
45 15117.950 label 13
46 15400.950 label 14
47 15683.950 label 15
48 15966.950 label 0
49 16249.950 label 1
50 16532.950 label 2
51 16815.950 label 3
52 17098.950 label 4
53 17381.950 label 5
54 17664.950 label 6
55 17947.950 label 7
56 18230.950 label 8
57 18513.950 label 9
58 18796.950 label 10
59 19079.950 label 11
60 19362.950 label 12
61 19645.950 label 13
62 19928.950 label 14
63 20211.950 label 15
64 20494.950 label 0
65 20777.950 label 1
66 21060.950 label 2
67 21343.950 label 3
68 21626.950 label 4
69 21909.950 label 5
70 22192.950 label 6
71 22475.950 label 7
72 22758.950 label 8
73 23041.950 label 9
74 23324.950 label 10
75 23607.950 label 11
76 23890.950 label 12
77 24173.950 label 13
78 24456.950 label 14
79 24739.950 label 15
80 25022.950 label 0
81 25305.950 label 1
82 25588.950 label 2
83 25871.950 label 3
84 26154.950 label 4
85 26437.950 label 5
86 26720.950 label 6
87 27003.950 label 7
88 27286.950 label 8
89 27569.950 label 9
90 27852.950 label 10
91 28135.950 label 11
92 28418.950 label 12
93 28701.950 label 13
94 28984.950 label 14
95 29267.950 label 15
96 29550.950 label 0
97 29833.950 label 1
98 30116.950 label 2
99 30399.950 label 3
100 30682.950 label 4
101 30965.950 label 5
102 31248.950 label 6
103 31531.950 label 7
104 31814.950 label 8
105 32097.950 label 9
106 32380.950 label 10
107 32663.950 label 11
108 32946.950 label 12
109 33229.950 label 13
110 33512.950 label 14
111 33795.950 label 15
112 34078.950 label 0
113 34361.950 label 1
114 34644.950 label 2
115 34927.950 label 3
116 35210.950 label 4
117 35493.950 label 5
118 35776.950 label 6
119 36059.950 label 7
120 36342.950 label 8
121 36625.950 label 9
122 36908.950 label 10
123 37191.950 label 11
124 37474.950 label 12
125 37757.950 label 13
126 38040.950 label 14
127 38323.950 label 15
128 38606.950 label 0
129 38889.950 label 1
130 39172.950 label 2
131 39455.950 label 3
132 39738.950 label 4
133 40021.950 label 5
134 40304.950 label 6
135 40587.950 label 7
136 40870.950 label 8
137 41153.950 label 9
138 41436.950 label 10
139 41719.950 label 11
140 42002.950 label 12
141 42285.950 label 13
142 42568.950 label 14
143 42851.950 label 15
144 43134.950 label 0
145 43417.950 label 1
146 43700.950 label 2
147 43983.950 label 3
148 44266.950 label 4
149 44549.950 label 5
150 44832.950 label 6
151 45115.950 label 7
152 45398.950 label 8
153 45681.950 label 9
154 45964.950 label 10
155 46247.950 label 11
156 46530.950 label 12
157 46813.950 label 13
158 47096.950 label 14
159 47379.950 label 15
160 47662.950 label 0
161 47945.950 label 1
162 48228.950 label 2
163 48511.950 label 3
164 48794.950 label 4
165 49077.950 label 5
166 49360.950 label 6
167 49643.950 label 7
168 49926.950 label 8
169 50209.950 label 9
170 50492.950 label 10
171 50775.950 label 11
172 51058.950 label 12
173 51341.950 label 13
174 51624.950 label 14
175 51907.950 label 15
176 52190.950 label 0
177 52473.950 label 1
178 52756.950 label 2
179 53039.950 label 3
180 53322.950 label 4
181 53605.950 label 5
182 53888.950 label 6
183 54171.950 label 7
184 54454.950 label 8
185 54737.950 label 9
186 55020.950 label 10
187 55303.950 label 11
188 55586.950 label 12
189 55869.950 label 13
190 56152.950 label 14
191 56435.950 label 15
192 56718.950 label 0
193 57001.950 label 1
194 57284.950 label 2
195 57567.950 label 3
196 57850.950 label 4
197 58133.950 label 5
198 58416.950 label 6
199 58699.950 label 7
200 58982.950 label 8
201 59265.950 label 9
202 59548.950 label 10
203 59831.950 label 11
204 60114.950 label 12
205 60397.950 label 13
206 60680.950 label 14
207 60963.950 label 15
208 61246.950 label 0
209 61529.950 label 1
210 61812.950 label 2
211 62095.950 label 3
212 62378.950 label 4
213 62661.950 label 5
214 62944.950 label 6
215 63227.950 label 7
216 63510.950 label 8
217 63793.950 label 9
218 64076.950 label 10
219 64359.950 label 11
220 64642.950 label 12
221 64925.950 label 13
222 65208.950 label 14
223 65491.950 label 15
224 65774.950 label 0
225 66057.950 label 1
226 66340.950 label 2
227 66623.950 label 3
228 66906.950 label 4
229 67189.950 label 5
230 67472.950 label 6
231 67755.950 label 7
232 68038.950 label 8
233 68321.950 label 9
234 68604.950 label 10
235 68887.950 label 11
236 69170.950 label 12
237 69453.950 label 13
238 69736.950 label 14
239 70019.950 label 15
240 70302.950 label 0
241 70585.950 label 1
242 70868.950 label 2
243 71151.950 label 3
244 71434.950 label 4
245 71717.950 label 5
246 72000.950 label 6
247 72283.950 label 7
248 72566.950 label 8
249 72849.950 label 9
250 73132.950 label 10
251 73415.950 label 11
252 73698.950 label 12
253 73981.950 label 13
254 74264.950 label 14
255 74547.950 label 15
256 74830.950 label 0
257 75113.950 label 1
258 75396.950 label 2
259 75679.950 label 3
260 75962.950 label 4
261 76245.950 label 5
262 76528.950 label 6
263 76811.950 label 7
264 77094.950 label 8
265 77377.950 label 9
266 77660.950 label 10
267 77943.950 label 11
268 78226.950 label 12
269 78509.950 label 13
270 78792.950 label 14
271 79075.950 label 15
272 79358.950 label 0
273 79641.950 label 1
274 79924.950 label 2
275 80207.950 label 3
276 80490.950 label 4
277 80773.950 label 5
278 81056.950 label 6
279 81339.950 label 7
280 81622.950 label 8
281 81905.950 label 9
282 82188.950 label 10
283 82471.950 label 11
284 82754.950 label 12
285 83037.950 label 13
286 83320.950 label 14
287 83603.950 label 15
288 83886.950 label 0
289 84169.950 label 1
290 84452.950 label 2
291 84735.950 label 3
292 85018.950 label 4
293 85301.950 label 5
294 85584.950 label 6
295 85867.950 label 7
296 86150.950 label 8
297 86433.950 label 9
298 86716.950 label 10
299 86999.950 label 11
300 87282.950 label 12
301 87565.950 label 13
302 87848.950 label 14
303 88131.950 label 15
304 88414.950 label 0
305 88697.950 label 1
306 88980.950 label 2
307 89263.950 label 3
308 89546.950 label 4
309 89829.950 label 5
310 90112.950 label 6
311 90395.950 label 7
312 90678.950 label 8
313 90961.950 label 9
314 91244.950 label 10
315 91527.950 label 11
316 91810.950 label 12
317 92093.950 label 13
318 92376.950 label 14
319 92659.950 label 15
320 92942.950 label 0
321 93225.950 label 1
322 93508.950 label 2
323 93791.950 label 3
324 94074.950 label 4
325 94357.950 label 5
326 94640.950 label 6
327 94923.950 label 7
328 95206.950 label 8
329 95489.950 label 9
330 95772.950 label 10
331 96055.950 label 11
332 96338.950 label 12
333 96621.950 label 13
334 96904.950 label 14
335 97187.950 label 15
336 97470.950 label 0
337 97753.950 label 1
338 98036.950 label 2
339 98319.950 label 3
340 98602.950 label 4
341 98885.950 label 5
342 99168.950 label 6
343 99451.950 label 7
344 99734.950 label 8
345 100017.950 label 9
346 100300.950 label 10
347 100583.950 label 11
348 100866.950 label 12
349 101149.950 label 13
350 101432.950 label 14
351 101715.950 label 15
352 101998.950 label 0
353 102281.950 label 1
354 102564.950 label 2
355 102847.950 label 3
356 103130.950 label 4
357 103413.950 label 5
358 103696.950 label 6
359 103979.950 label 7
360 104262.950 label 8
361 104545.950 label 9
362 104828.950 label 10
363 105111.950 label 11
364 105394.950 label 12
365 105677.950 label 13
366 105960.950 label 14
367 106243.950 label 15
368 106526.950 label 0
369 106809.950 label 1
370 107092.950 label 2
371 107375.950 label 3
372 107658.950 label 4
373 107941.950 label 5
374 108224.950 label 6
375 108507.950 label 7
376 108790.950 label 8
377 109073.950 label 9
378 109356.950 label 10
379 109639.950 label 11
380 109922.950 label 12
381 110205.950 label 13
382 110488.950 label 14
383 110771.950 label 15
384 111054.950 label 0
385 111337.950 label 1
386 111620.950 label 2
387 111903.950 label 3
388 112186.950 label 4
389 112469.950 label 5
390 112752.950 label 6
391 113035.950 label 7
392 113318.950 label 8
393 113601.950 label 9
394 113884.950 label 10
395 114167.950 label 11
396 114450.950 label 12
397 114733.950 label 13
398 115016.950 label 14
399 115299.950 label 15
400 115582.950 label 0
401 115865.950 label 1
402 116148.950 label 2
403 116431.950 label 3
404 116714.950 label 4
405 116997.950 label 5
406 117280.950 label 6
407 117563.950 label 7
408 117846.950 label 8
409 118129.950 label 9
410 118412.950 label 10
411 118695.950 label 11
412 118978.950 label 12
413 119261.950 label 13
414 119544.950 label 14
415 119827.950 label 15
416 120110.950 label 0
417 120393.950 label 1
418 120676.950 label 2
419 120959.950 label 3
420 121242.950 label 4
421 121525.950 label 5
422 121808.950 label 6
423 122091.950 label 7
424 122374.950 label 8
425 122657.950 label 9
426 122940.950 label 10
427 123223.950 label 11
428 123506.950 label 12
429 123789.950 label 13
430 124072.950 label 14
431 124355.950 label 15
432 124638.950 label 0
433 124921.950 label 1
434 125204.950 label 2
435 125487.950 label 3
436 125770.950 label 4
437 126053.950 label 5
438 126336.950 label 6
439 126619.950 label 7
440 126902.950 label 8
441 127185.950 label 9
442 127468.950 label 10
443 127751.950 label 11
444 128034.950 label 12
445 128317.950 label 13
446 128600.950 label 14
447 128883.950 label 15
448 129166.950 label 0
449 129449.950 label 1
450 129732.950 label 2
451 130015.950 label 3
452 130298.950 label 4
453 130581.950 label 5
454 130864.950 label 6
455 131147.950 label 7
456 131430.950 label 8
457 131713.950 label 9
458 131996.950 label 10
459 132279.950 label 11
460 132562.950 label 12
461 132845.950 label 13
462 133128.950 label 14
463 133411.950 label 15
464 133694.950 label 0
465 133977.950 label 1
466 134260.950 label 2
467 134543.950 label 3
468 134826.950 label 4
469 135109.950 label 5
470 135392.950 label 6
471 135675.950 label 7
472 135958.950 label 8
473 136241.950 label 9
474 136524.950 label 10
475 136807.950 label 11
476 137090.950 label 12
477 137373.950 label 13
478 137656.950 label 14
479 137939.950 label 15
480 138222.950 label 0
481 138505.950 label 1
482 138788.950 label 2
483 139071.950 label 3
484 139354.950 label 4
485 139637.950 label 5
486 139920.950 label 6
487 140203.950 label 7
488 140486.950 label 8
489 140769.950 label 9
490 141052.950 label 10
491 141335.950 label 11
492 141618.950 label 12
493 141901.950 label 13
494 142184.950 label 14
495 142467.950 label 15
496 142750.950 label 0
497 143033.950 label 1
498 143316.950 label 2
499 143599.950 label 3
500 143882.950 label 4
501 144165.950 label 5
502 144448.950 label 6
503 144731.950 label 7
504 145014.950 label 8
505 145297.950 label 9
506 145580.950 label 10
507 145863.950 label 11
508 146146.950 label 12
509 146429.950 label 13
510 146712.950 label 14
511 146995.950 label 15
512 147278.950 label 0
513 147561.950 label 1
514 147844.950 label 2
515 148127.950 label 3
516 148410.950 label 4
517 148693.950 label 5
518 148976.950 label 6
519 149259.950 label 7
520 149542.950 label 8
521 149825.950 label 9
522 150108.950 label 10
523 150391.950 label 11
524 150674.950 label 12
525 150957.950 label 13
526 151240.950 label 14
527 151523.950 label 15
528 151806.950 label 0
529 152089.950 label 1
530 152372.950 label 2
531 152655.950 label 3
532 152938.950 label 4
533 153221.950 label 5
534 153504.950 label 6
535 153787.950 label 7
536 154070.950 label 8
537 154353.950 label 9
538 154636.950 label 10
539 154919.950 label 11
540 155202.950 label 12
541 155485.950 label 13
542 155768.950 label 14
543 156051.950 label 15
544 156334.950 label 0
545 156617.950 label 1
546 156900.950 label 2
547 157183.950 label 3
548 157466.950 label 4
549 157749.950 label 5
550 158032.950 label 6
551 158315.950 label 7
552 158598.950 label 8
553 158881.950 label 9
554 159164.950 label 10
555 159447.950 label 11
556 159730.950 label 12
557 160013.950 label 13
558 160296.950 label 14
559 160579.950 label 15
560 160862.950 label 0
561 161145.950 label 1
562 161428.950 label 2
563 161711.950 label 3
564 161994.950 label 4
565 162277.950 label 5
566 162560.950 label 6
567 162843.950 label 7
568 163126.950 label 8
569 163409.950 label 9
570 163692.950 label 10
571 163975.950 label 11
572 164258.950 label 12
573 164541.950 label 13
574 164824.950 label 14
575 165107.950 label 15
576 165390.950 label 0
577 165673.950 label 1
578 165956.950 label 2
579 166239.950 label 3
580 166522.950 label 4
581 166805.950 label 5
582 167088.950 label 6
583 167371.950 label 7
584 167654.950 label 8
585 167937.950 label 9
586 168220.950 label 10
587 168503.950 label 11
588 168786.950 label 12
589 169069.950 label 13
590 169352.950 label 14
591 169635.950 label 15
592 169918.950 label 0
593 170201.950 label 1
594 170484.950 label 2
595 170767.950 label 3
596 171050.950 label 4
597 171333.950 label 5
598 171616.950 label 6
599 171899.950 label 7
600 172182.950 label 8
601 172465.950 label 9
602 172748.950 label 10
603 173031.950 label 11
604 173314.950 label 12
605 173597.950 label 13
606 173880.950 label 14
607 174163.950 label 15
608 174446.950 label 0
609 174729.950 label 1
610 175012.950 label 2
611 175295.950 label 3
612 175578.950 label 4
613 175861.950 label 5
614 176144.950 label 6
615 176427.950 label 7
616 176710.950 label 8
617 176993.950 label 9
618 177276.950 label 10
619 177559.950 label 11
620 177842.950 label 12
621 178125.950 label 13
622 178408.950 label 14
623 178691.950 label 15
624 178974.950 label 0
625 179257.950 label 1
626 179540.950 label 2
627 179823.950 label 3
628 180106.950 label 4
629 180389.950 label 5
630 180672.950 label 6
631 180955.950 label 7
632 181238.950 label 8
633 181521.950 label 9
634 181804.950 label 10
635 182087.950 label 11
636 182370.950 label 12
637 182653.950 label 13
638 182936.950 label 14
639 183219.950 label 15
640 183502.950 label 0
641 183785.950 label 1
642 184068.950 label 2
643 184351.950 label 3
644 184634.950 label 4
645 184917.950 label 5
646 185200.950 label 6
647 185483.950 label 7
648 185766.950 label 8
649 186049.950 label 9
650 186332.950 label 10
651 186615.950 label 11
652 186898.950 label 12
653 187181.950 label 13
654 187464.950 label 14
655 187747.950 label 15
656 188030.950 label 0
657 188313.950 label 1
658 188596.950 label 2
659 188879.950 label 3
660 189162.950 label 4
661 189445.950 label 5
662 189728.950 label 6
663 190011.950 label 7
664 190294.950 label 8
665 190577.950 label 9
666 190860.950 label 10
667 191143.950 label 11
668 191426.950 label 12
669 191709.950 label 13
670 191992.950 label 14
671 192275.950 label 15
672 192558.950 label 0
673 192841.950 label 1
674 193124.950 label 2
675 193407.950 label 3
676 193690.950 label 4
677 193973.950 label 5
678 194256.950 label 6
679 194539.950 label 7
680 194822.950 label 8
681 195105.950 label 9
682 195388.950 label 10
683 195671.950 label 11
684 195954.950 label 12
685 196237.950 label 13
686 196520.950 label 14
687 196803.950 label 15
688 197086.950 label 0
689 197369.950 label 1
690 197652.950 label 2
691 197935.950 label 3
692 198218.950 label 4
693 198501.950 label 5
694 198784.950 label 6
695 199067.950 label 7
696 199350.950 label 8
697 199633.950 label 9
698 199916.950 label 10
699 200199.950 label 11
700 200482.950 label 12
701 200765.950 label 13
702 201048.950 label 14
703 201331.950 label 15
704 201614.950 label 0
705 201897.950 label 1
706 202180.950 label 2
707 202463.950 label 3
708 202746.950 label 4
709 203029.950 label 5
710 203312.950 label 6
711 203595.950 label 7
712 203878.950 label 8
713 204161.950 label 9
714 204444.950 label 10
715 204727.950 label 11
716 205010.950 label 12
717 205293.950 label 13
718 205576.950 label 14
719 205859.950 label 15
720 206142.950 label 0
721 206425.950 label 1
722 206708.950 label 2
723 206991.950 label 3
724 207274.950 label 4
725 207557.950 label 5
726 207840.950 label 6
727 208123.950 label 7
728 208406.950 label 8
729 208689.950 label 9
730 208972.950 label 10
731 209255.950 label 11
732 209538.950 label 12
733 209821.950 label 13
734 210104.950 label 14
735 210387.950 label 15
736 210670.950 label 0
737 210953.950 label 1
738 211236.950 label 2
739 211519.950 label 3
740 211802.950 label 4
741 212085.950 label 5
742 212368.950 label 6
743 212651.950 label 7
744 212934.950 label 8
745 213217.950 label 9
746 213500.950 label 10
747 213783.950 label 11
748 214066.950 label 12
749 214349.950 label 13
750 214632.950 label 14
751 214915.950 label 15
752 215198.950 label 0
753 215481.950 label 1
754 215764.950 label 2
755 216047.950 label 3
756 216330.950 label 4
757 216613.950 label 5
758 216896.950 label 6
759 217179.950 label 7
760 217462.950 label 8
761 217745.950 label 9
762 218028.950 label 10
763 218311.950 label 11
764 218594.950 label 12
765 218877.950 label 13
766 219160.950 label 14
767 219443.950 label 15
768 219726.950 label 0
769 220009.950 label 1
770 220292.950 label 2
771 220575.950 label 3
772 220858.950 label 4
773 221141.950 label 5
774 221424.950 label 6
775 221707.950 label 7
776 221990.950 label 8
777 222273.950 label 9
778 222556.950 label 10
779 222839.950 label 11
780 223122.950 label 12
781 223405.950 label 13
782 223688.950 label 14
783 223971.950 label 15
784 224254.950 label 0
785 224537.950 label 1
786 224820.950 label 2
787 225103.950 label 3
788 225386.950 label 4
789 225669.950 label 5
790 225952.950 label 6
791 226235.950 label 7
792 226518.950 label 8
793 226801.950 label 9
794 227084.950 label 10
795 227367.950 label 11
796 227650.950 label 12
797 227933.950 label 13
798 228216.950 label 14
799 228499.950 label 15
800 228782.950 label 0
801 229065.950 label 1
802 229348.950 label 2
803 229631.950 label 3
804 229914.950 label 4
805 230197.950 label 5
806 230480.950 label 6
807 230763.950 label 7
808 231046.950 label 8
809 231329.950 label 9
810 231612.950 label 10
811 231895.950 label 11
812 232178.950 label 12
813 232461.950 label 13
814 232744.950 label 14
815 233027.950 label 15
816 233310.950 label 0
817 233593.950 label 1
818 233876.950 label 2
819 234159.950 label 3
820 234442.950 label 4
821 234725.950 label 5
822 235008.950 label 6
823 235291.950 label 7
824 235574.950 label 8
825 235857.950 label 9
826 236140.950 label 10
827 236423.950 label 11
828 236706.950 label 12
829 236989.950 label 13
830 237272.950 label 14
831 237555.950 label 15
832 237838.950 label 0
833 238121.950 label 1
834 238404.950 label 2
835 238687.950 label 3
836 238970.950 label 4
837 239253.950 label 5
838 239536.950 label 6
839 239819.950 label 7
840 240102.950 label 8
841 240385.950 label 9
842 240668.950 label 10
843 240951.950 label 11
844 241234.950 label 12
845 241517.950 label 13
846 241800.950 label 14
847 242083.950 label 15
848 242366.950 label 0
849 242649.950 label 1
850 242932.950 label 2
851 243215.950 label 3
852 243498.950 label 4
853 243781.950 label 5
854 244064.950 label 6
855 244347.950 label 7
856 244630.950 label 8
857 244913.950 label 9
858 245196.950 label 10
859 245479.950 label 11
860 245762.950 label 12
861 246045.950 label 13
862 246328.950 label 14
863 246611.950 label 15
864 246894.950 label 0
865 247177.950 label 1
866 247460.950 label 2
867 247743.950 label 3
868 248026.950 label 4
869 248309.950 label 5
870 248592.950 label 6
871 248875.950 label 7
872 249158.950 label 8
873 249441.950 label 9
874 249724.950 label 10
875 250007.950 label 11
876 250290.950 label 12
877 250573.950 label 13
878 250856.950 label 14
879 251139.950 label 15
880 251422.950 label 0
881 251705.950 label 1
882 251988.950 label 2
883 252271.950 label 3
884 252554.950 label 4
885 252837.950 label 5
886 253120.950 label 6
887 253403.950 label 7
888 253686.950 label 8
889 253969.950 label 9
890 254252.950 label 10
891 254535.950 label 11
892 254818.950 label 12
893 255101.950 label 13
894 255384.950 label 14
895 255667.950 label 15
896 255950.950 label 0
897 256233.950 label 1
898 256516.950 label 2
899 256799.950 label 3
900 257082.950 label 4
901 257365.950 label 5
902 257648.950 label 6
903 257931.950 label 7
904 258214.950 label 8
905 258497.950 label 9
906 258780.950 label 10
907 259063.950 label 11
908 259346.950 label 12
909 259629.950 label 13
910 259912.950 label 14
911 260195.950 label 15
912 260478.950 label 0
913 260761.950 label 1
914 261044.950 label 2
915 261327.950 label 3
916 261610.950 label 4
917 261893.950 label 5
918 262176.950 label 6
919 262459.950 label 7
920 262742.950 label 8
921 263025.950 label 9
922 263308.950 label 10
923 263591.950 label 11
924 263874.950 label 12
925 264157.950 label 13
926 264440.950 label 14
927 264723.950 label 15
928 265006.950 label 0
929 265289.950 label 1
930 265572.950 label 2
931 265855.950 label 3
932 266138.950 label 4
933 266421.950 label 5
934 266704.950 label 6
935 266987.950 label 7
936 267270.950 label 8
937 267553.950 label 9
938 267836.950 label 10
939 268119.950 label 11
940 268402.950 label 12
941 268685.950 label 13
942 268968.950 label 14
943 269251.950 label 15
944 269534.950 label 0
945 269817.950 label 1
946 270100.950 label 2
947 270383.950 label 3
948 270666.950 label 4
949 270949.950 label 5
950 271232.950 label 6
951 271515.950 label 7
952 271798.950 label 8
953 272081.950 label 9
954 272364.950 label 10
955 272647.950 label 11
956 272930.950 label 12
957 273213.950 label 13
958 273496.950 label 14
959 273779.950 label 15
960 274062.950 label 0
961 274345.950 label 1
962 274628.950 label 2
963 274911.950 label 3
964 275194.950 label 4
965 275477.950 label 5
966 275760.950 label 6
967 276043.950 label 7
968 276326.950 label 8
969 276609.950 label 9
970 276892.950 label 10
971 277175.950 label 11
972 277458.950 label 12
973 277741.950 label 13
974 278024.950 label 14
975 278307.950 label 15
976 278590.950 label 0
977 278873.950 label 1
978 279156.950 label 2
979 279439.950 label 3
980 279722.950 label 4
981 280005.950 label 5
982 280288.950 label 6
983 280571.950 label 7
984 280854.950 label 8
985 281137.950 label 9
986 281420.950 label 10
987 281703.950 label 11
988 281986.950 label 12
989 282269.950 label 13
990 282552.950 label 14
991 282835.950 label 15
992 283118.950 label 0
993 283401.950 label 1
994 283684.950 label 2
995 283967.950 label 3
996 284250.950 label 4
997 284533.950 label 5
998 284816.950 label 6
999 285099.950 label 7
1000 285382.950 label 8
1001 285665.950 label 9
1002 285948.950 label 10
1003 286231.950 label 11
1004 286514.950 label 12
1005 286797.950 label 13
1006 287080.950 label 14
1007 287363.950 label 15
1008 287646.950 label 0
1009 287929.950 label 1
1010 288212.950 label 2
1011 288495.950 label 3
1012 288778.950 label 4
1013 289061.950 label 5
1014 289344.950 label 6
1015 289627.950 label 7
1016 289910.950 label 8
1017 290193.950 label 9
1018 290476.950 label 10
1019 290759.950 label 11
1020 291042.950 label 12
1021 291325.950 label 13
1022 291608.950 label 14
1023 291891.950 label 15
1024 292174.950 label 0
1025 292457.950 label 1
1026 292740.950 label 2
1027 293023.950 label 3
1028 293306.950 label 4
1029 293589.950 label 5
1030 293872.950 label 6
1031 294155.950 label 7
1032 294438.950 label 8
1033 294721.950 label 9
1034 295004.950 label 10
1035 295287.950 label 11
1036 295570.950 label 12
1037 295853.950 label 13
1038 296136.950 label 14
1039 296419.950 label 15
1040 296702.950 label 0
1041 296985.950 label 1
1042 297268.950 label 2
1043 297551.950 label 3
1044 297834.950 label 4
1045 298117.950 label 5
1046 298400.950 label 6
1047 298683.950 label 7
1048 298966.950 label 8
1049 299249.950 label 9
1050 299532.950 label 10
1051 299815.950 label 11
1052 300098.950 label 12
1053 300381.950 label 13
1054 300664.950 label 14
1055 300947.950 label 15
1056 301230.950 label 0
1057 301513.950 label 1
1058 301796.950 label 2
1059 302079.950 label 3
1060 302362.950 label 4
1061 302645.950 label 5
1062 302928.950 label 6
1063 303211.950 label 7
1064 303494.950 label 8
1065 303777.950 label 9
1066 304060.950 label 10
1067 304343.950 label 11
1068 304626.950 label 12
1069 304909.950 label 13
1070 305192.950 label 14
1071 305475.950 label 15
1072 305758.950 label 0
1073 306041.950 label 1
1074 306324.950 label 2
1075 306607.950 label 3
1076 306890.950 label 4
1077 307173.950 label 5
1078 307456.950 label 6
1079 307739.950 label 7
1080 308022.950 label 8
1081 308305.950 label 9
1082 308588.950 label 10
1083 308871.950 label 11
1084 309154.950 label 12
1085 309437.950 label 13
1086 309720.950 label 14
1087 310003.950 label 15
1088 310286.950 label 0
1089 310569.950 label 1
1090 310852.950 label 2
1091 311135.950 label 3
1092 311418.950 label 4
1093 311701.950 label 5
1094 311984.950 label 6
1095 312267.950 label 7
1096 312550.950 label 8
1097 312833.950 label 9
1098 313116.950 label 10
1099 313399.950 label 11
1100 313682.950 label 12
1101 313965.950 label 13
1102 314248.950 label 14
1103 314531.950 label 15
1104 314814.950 label 0
1105 315097.950 label 1
1106 315380.950 label 2
1107 315663.950 label 3
1108 315946.950 label 4
1109 316229.950 label 5
1110 316512.950 label 6
1111 316795.950 label 7
1112 317078.950 label 8
1113 317361.950 label 9
1114 317644.950 label 10
1115 317927.950 label 11
1116 318210.950 label 12
1117 318493.950 label 13
1118 318776.950 label 14
1119 319059.950 label 15
1120 319342.950 label 0
1121 319625.950 label 1
1122 319908.950 label 2
1123 320191.950 label 3
1124 320474.950 label 4
1125 320757.950 label 5
1126 321040.950 label 6
1127 321323.950 label 7
1128 321606.950 label 8
1129 321889.950 label 9
1130 322172.950 label 10
1131 322455.950 label 11
1132 322738.950 label 12
1133 323021.950 label 13
1134 323304.950 label 14
1135 323587.950 label 15
1136 323870.950 label 0
1137 324153.950 label 1
1138 324436.950 label 2
1139 324719.950 label 3
1140 325002.950 label 4
1141 325285.950 label 5
1142 325568.950 label 6
1143 325851.950 label 7
1144 326134.950 label 8
1145 326417.950 label 9
1146 326700.950 label 10
1147 326983.950 label 11
1148 327266.950 label 12
1149 327549.950 label 13
1150 327832.950 label 14
1151 328115.950 label 15
1152 328398.950 label 0
1153 328681.950 label 1
1154 328964.950 label 2
1155 329247.950 label 3
1156 329530.950 label 4
1157 329813.950 label 5
1158 330096.950 label 6
1159 330379.950 label 7
1160 330662.950 label 8
1161 330945.950 label 9
1162 331228.950 label 10
1163 331511.950 label 11
1164 331794.950 label 12
1165 332077.950 label 13
1166 332360.950 label 14
1167 332643.950 label 15
1168 332926.950 label 0
1169 333209.950 label 1
1170 333492.950 label 2
1171 333775.950 label 3
1172 334058.950 label 4
1173 334341.950 label 5
1174 334624.950 label 6
1175 334907.950 label 7
1176 335190.950 label 8
1177 335473.950 label 9
1178 335756.950 label 10
1179 336039.950 label 11
1180 336322.950 label 12
1181 336605.950 label 13
1182 336888.950 label 14
1183 337171.950 label 15
1184 337454.950 label 0
1185 337737.950 label 1
1186 338020.950 label 2
1187 338303.950 label 3
1188 338586.950 label 4
1189 338869.950 label 5
1190 339152.950 label 6
1191 339435.950 label 7
1192 339718.950 label 8
1193 340001.950 label 9
1194 340284.950 label 10
1195 340567.950 label 11
1196 340850.950 label 12
1197 341133.950 label 13
1198 341416.950 label 14
1199 341699.950 label 15
1200 341982.950 label 0
1201 342265.950 label 1
1202 342548.950 label 2
1203 342831.950 label 3
1204 343114.950 label 4
1205 343397.950 label 5
1206 343680.950 label 6
1207 343963.950 label 7
1208 344246.950 label 8
1209 344529.950 label 9
1210 344812.950 label 10
1211 345095.950 label 11
1212 345378.950 label 12
1213 345661.950 label 13
1214 345944.950 label 14
1215 346227.950 label 15
1216 346510.950 label 0
1217 346793.950 label 1
1218 347076.950 label 2
1219 347359.950 label 3
1220 347642.950 label 4
1221 347925.950 label 5
1222 348208.950 label 6
1223 348491.950 label 7
1224 348774.950 label 8
1225 349057.950 label 9
1226 349340.950 label 10
1227 349623.950 label 11
1228 349906.950 label 12
1229 350189.950 label 13
1230 350472.950 label 14
1231 350755.950 label 15
1232 351038.950 label 0
1233 351321.950 label 1
1234 351604.950 label 2
1235 351887.950 label 3
1236 352170.950 label 4
1237 352453.950 label 5
1238 352736.950 label 6
1239 353019.950 label 7
1240 353302.950 label 8
1241 353585.950 label 9
1242 353868.950 label 10
1243 354151.950 label 11
1244 354434.950 label 12
1245 354717.950 label 13
1246 355000.950 label 14
1247 355283.950 label 15
1248 355566.950 label 0
1249 355849.950 label 1
1250 356132.950 label 2
1251 356415.950 label 3
1252 356698.950 label 4
1253 356981.950 label 5
1254 357264.950 label 6
1255 357547.950 label 7
1256 357830.950 label 8
1257 358113.950 label 9
1258 358396.950 label 10
1259 358679.950 label 11
1260 358962.950 label 12
1261 359245.950 label 13
1262 359528.950 label 14
1263 359811.950 label 15
1264 360094.950 label 0
1265 360377.950 label 1
1266 360660.950 label 2
1267 360943.950 label 3
1268 361226.950 label 4
1269 361509.950 label 5
1270 361792.950 label 6
1271 362075.950 label 7
1272 362358.950 label 8
1273 362641.950 label 9
1274 362924.950 label 10
1275 363207.950 label 11
1276 363490.950 label 12
1277 363773.950 label 13
1278 364056.950 label 14
1279 364339.950 label 15
1280 364622.950 label 0
1281 364905.950 label 1
1282 365188.950 label 2
1283 365471.950 label 3
1284 365754.950 label 4
1285 366037.950 label 5
1286 366320.950 label 6
1287 366603.950 label 7
1288 366886.950 label 8
1289 367169.950 label 9
1290 367452.950 label 10
1291 367735.950 label 11
1292 368018.950 label 12
1293 368301.950 label 13
1294 368584.950 label 14
1295 368867.950 label 15
1296 369150.950 label 0
1297 369433.950 label 1
1298 369716.950 label 2
1299 369999.950 label 3
1300 370282.950 label 4
1301 370565.950 label 5
1302 370848.950 label 6
1303 371131.950 label 7
1304 371414.950 label 8
1305 371697.950 label 9
1306 371980.950 label 10
